id	score	intensity
10000	4.9353301469821975	3
10001	1.178880336179115	3
10002	2.752856266626935	3
10003	7.569186155210555	3
10004	2.569537927106601	3
10005	1.129092466997876	3
10006	3.905453120830649	3
10007	2.363509659017528	3
10008	3.3901472287091927	3
10009	1.5713142500766417	3
10010	2.193729827349554	3
10011	2.0022740394364527	3
10012	1.055774805740108	3
10013	3.1727272213846214	3
10014	2.118988775532278	3
10015	3.281683714016867	3
10016	2.235196159332863	3
10017	1.894163256305684	3
10018	2.7232563473615734	3
10019	2.6017306176016652	3
10020	0.878790984886458	3
10021	0.578131219290698	3
10022	2.698550541031149	3
10023	3.2991358494235103	3
10024	1.896319908872758	3
10025	1.2980751478188357	3
10026	4.0648897039883	3
10027	2.962873314374979	3
10028	2.0006475766524487	3
10029	2.228732330576805	3
10030	1.7717941337991883	3
10031	2.07202454258796	3
10032	1.1045146683030558	3
10033	2.61984898233145	3
10034	1.495770016394079	3
10035	2.4392526681294	3
10036	2.9383867651066735	3
10037	1.711680281374261	3
10038	0.608568255942062	3
10039	2.114524331602103	3
10040	1.2565161146275408	3
10041	2.7266202194822764	3
10042	3.215867511711026	3
10043	6.142061602005635	3
10044	1.8063252121568314	3
10045	1.23507563979876	3
10046	3.7147182374060095	3
10047	1.4613099007587478	3
10048	1.959065938349613	3
10049	2.219532185364486	3
10050	1.18192910250545	3
10051	2.4173338627537273	3
10052	1.01218021425014	3
10053	2.3376403935810703	3
10054	0.16424904161884302	3
10055	1.1779536570255331	3
10056	1.9040652631202695	3
10057	0.4150905523005951	3
10058	3.580912307511659	3
10059	1.4437259119079513	3
10060	2.316303712640437	3
10061	3.1624126588760264	3
10062	1.4788808706816008	3
10063	0.0	3
10064	1.2387421817663358	3
10065	2.256629707567194	3
10066	2.048509686706238	3
10067	1.5919375546078842	3
10068	1.42712455320492	3
10069	0.61278248184424	3
10070	2.922465921884287	3
10071	0.593667390749501	3
10072	3.1070913085983007	3
10073	2.1279560790005863	3
10074	1.394455668867488	2
10075	3.508205593777278	3
10076	2.200000497490558	3
10077	3.7464228961379398	3
10078	2.104527175148699	3
10079	2.31682428778005	3
10080	6.561788111111513	3
10081	1.178880336179115	3
10082	3.0886820272065565	3
10083	2.4908735343417865	3
10084	1.4944890591090716	3
10085	4.147324840100309	3
10086	1.909064778213818	2
10087	1.995673543514321	3
10088	0.578131219290698	3
10089	2.168061838337248	3
10090	2.3284643709709627	3
10091	1.3635253890330168	3
10092	1.0301687967832251	3
10093	0.0	3
10094	0.0	3
10095	3.477999655888604	3
10096	0.7155298918095337	3
10097	2.153787754306739	3
10098	1.42712455320492	3
10099	1.18192910250545	3
10100	2.168295461207188	3
10101	3.549403649609223	3
10102	2.5423611281889276	3
10103	0.7265093043135927	3
10104	1.2579071177228502	3
10105	1.484028762540007	3
10106	0.89661693533207	3
10107	2.204440127135487	3
10108	1.9270361158764677	3
10109	0.9107428992921309	3
10110	1.883125941554434	3
10111	3.905192923510855	3
10112	2.4578061020710003	3
10113	0.32807998533175786	3
10114	2.5063817922354197	3
10115	1.554049627957627	3
10116	0.37578359531732797	3
10117	1.18192910250545	3
10118	2.011359930842757	3
10119	1.226492042060395	3
10120	0.268202419914066	3
10121	1.9124052058018361	3
10122	1.0770723215311588	3
10123	1.849975957527989	3
10124	2.3701163594506847	3
10125	3.037430648220079	3
10126	1.405078422085277	3
10127	2.140952175247253	3
10128	2.7506385940595024	3
10129	0.8479073600343939	3
10130	0.15245975561170938	3
10131	3.532194636485995	3
10132	1.810596877192153	3
10133	0.8016598291094579	3
10134	0.926343200843482	3
10135	2.4207019806483903	3
10136	3.411898098928218	3
10137	1.7870605704314415	2
10138	1.0666540535414948	3
10139	2.8715601049774477	3
10140	1.892582954685115	3
10141	1.270756512886325	3
10142	1.9146635635945972	3
10143	1.42712455320492	3
10144	1.9317100474720907	3
10145	3.000912858434532	3
10146	1.18192910250545	3
10147	0.5939130621367984	3
10148	2.2146132448649842	3
10149	1.34987270727658	3
10150	0.532109379547876	3
10151	1.2620502286205826	3
10152	1.1998989843481498	3
10153	1.7524620941975337	3
10154	4.082010326481215	3
10155	0.6189851987337901	3
10156	1.597194997401418	3
10157	4.175213199874752	3
10158	1.858873559878867	3
10159	2.47620930067677	3
10160	2.459396298089973	3
10161	1.2645485476629617	3
10162	1.6628901172048312	3
10163	3.8596001413175314	3
10164	0.829505154362274	3
10165	1.9229231135422709	3
10166	3.735161033212833	3
10167	1.278686427921063	3
10168	1.087744923894668	3
10169	1.855738681618503	3
10170	4.785487382433499	3
10171	0.8317699378667247	3
10172	1.5929379248608182	3
10173	0.1640049776904613	2
10174	2.3194464038927	3
10175	1.6749475093811153	3
10176	0.5146909661389898	3
10177	2.08595252652776	3
10178	1.0144088952443182	3
10179	0.7962598074651002	3
10180	1.5640223919918808	3
10181	1.129092466997876	3
10182	0.0	3
10183	1.5872527365818665	3
10184	0.858629686197392	2
10185	2.122111934836198	3
10186	0.827009510889863	3
10187	0.861380522808445	2
10188	1.8768923164566402	3
10189	0.469772800547115	3
10190	2.539051111602859	3
10191	2.1877202432484104	3
10192	0.9732950544256421	3
10193	1.696139980088935	3
10194	0.293732691492228	3
10195	0.40838680090636703	3
10196	0.0040784161508349	3
10197	1.4770915315040754	3
10198	3.191421631041557	3
10199	0.0	3
10200	1.6836767127639578	2
10201	2.2063118819794068	3
10202	1.278944819394578	2
10203	1.6250883391712792	3
10204	2.789669337154508	3
10205	2.077807122907419	3
10206	2.458118299874175	3
10207	1.36640200922779	3
10208	1.1998989843481498	3
10209	3.145792509887044	3
10210	2.059214922386309	3
10211	2.7165014205497995	3
10212	1.293773191983741	2
10213	1.7069932796612433	2
10214	3.429888942407949	2
10215	2.6346336942530026	2
10216	1.2722352294858572	2
10217	0.831398076686602	2
10218	1.6415695391316714	2
10219	1.16348793300654	2
10220	0.3681071276387378	2
10221	1.4489809026962093	2
10222	0.07752260550591	2
10223	1.529265379296279	2
10224	0.1425795498957822	2
10225	1.082352370519359	2
10226	1.0637489811368663	2
10227	2.6254202697453493	2
10228	3.7155996198942	2
10229	1.4225024980854837	2
10230	1.27576473512286	2
10231	1.329199410401416	2
10232	0.642960885623866	2
10233	3.70333257018411	1
10234	1.687108579252119	2
10235	2.806245591358355	2
10236	1.4508554843594166	2
10237	0.544966227276131	2
10238	1.393302592142649	2
10239	0.513624683075964	2
10240	0.5720951327363349	3
10241	1.42712455320492	2
10242	0.118071879211844	2
10243	2.835466247961915	2
10244	1.0111788558046129	2
10245	1.884708522259014	2
10246	0.880911439480187	2
10247	1.5259350265949811	2
10248	2.042051035759693	2
10249	0.539949720636289	2
10250	0.27828489283476693	2
10251	1.823623763725503	2
10252	1.7658718512600078	2
10253	0.167673702500207	2
10254	1.2402089353311891	2
10255	1.4486696553359486	2
10256	0.9186890979672574	2
10257	1.3034623059091899	2
10258	0.2501702914721211	2
10259	0.8988653707219878	2
10260	0.8545512700465571	2
10261	1.0405389775175768	2
10262	1.3202798175049941	2
10263	1.1998989843481498	2
10264	1.717022130442695	2
10265	2.5176147218963303	2
10266	0.0	2
10267	0.167673702500207	2
10268	1.2159532083457236	2
10269	2.2300787292982482	2
10270	2.636464949251054	2
10271	0.6564458455513411	2
10272	1.248757594125408	2
10273	0.0294729078642017	2
10274	1.780565008980075	2
10275	1.9553431049502135	2
10276	0.468373385928195	2
10277	0.9449645692309111	2
10278	0.07752260550591	2
10279	0.346230834780627	2
10280	1.474313282709553	2
10281	0.8648331552979982	2
10282	0.0982794663680926	2
10283	0.0	2
10284	0.8842209655333051	2
10285	0.8702996270146959	2
10286	1.4373316974641512	2
10287	0.175617526736668	2
10288	2.128648227983672	2
10289	1.6628901172048312	2
10290	1.068821447221126	2
10291	2.8156352425351776	2
10292	0.845087189973236	2
10293	1.3124562668830209	2
10294	1.3561749021586538	2
10295	0.521027111366382	2
10296	1.009809319205384	2
10297	1.4969165633320578	2
10298	1.8007620317398754	2
10299	0.35989795302388156	2
10300	0.6097524764129083	2
10301	1.392183105170522	2
10302	0.7981139977470519	2
10303	1.3533793498749174	2
10304	0.11772902598395098	2
10305	1.42712455320492	2
10306	0.13325757722338794	1
10307	0.735595195719897	2
10308	0.24790140693682802	2
10309	1.3620004156605197	2
10310	0.276569904321116	2
10311	0.46758816229451106	2
10312	0.07752260550591	2
10313	0.7303474630770295	2
10314	1.0980952334920426	2
10315	1.8252475217016557	2
10316	0.786787262700062	2
10317	1.0111574890099781	2
10318	1.7253951148199083	2
10319	2.3727508702793356	2
10320	0.851576061914946	2
10321	0.331785378651139	2
10322	2.405608228741931	2
10323	0.674714109249722	2
10324	0.7207802769773279	2
10325	1.239021082861045	2
10326	2.025280805009362	2
10327	1.34987270727658	2
10328	1.27576473512286	2
10329	1.736800110879444	2
10330	1.9946753521130243	2
10331	1.8733253006191	2
10332	1.2579071177228502	2
10333	1.4701918005374286	2
10334	2.121180860496169	2
10335	0.0	2
10336	2.174234239053077	2
10337	1.9952253023902047	2
10338	1.3393455714546452	2
10339	0.963073132537318	2
10340	0.370523839435291	2
10341	1.1169211206456056	2
10342	1.1434904136883899	2
10343	2.1368435333179794	2
10344	0.26691485681627103	2
10345	2.331289714676114	2
10346	2.238797704245566	2
10347	0.41854480258812776	2
10348	1.1422333424983402	2
10349	1.9351180671079509	2
10350	1.2300702634786114	2
10351	1.1704722029632346	2
10352	1.3278284399215026	2
10353	0.0	1
10354	1.621658030630213	2
10355	1.16755115048263	2
10356	2.310416585751587	2
10357	0.8847547772761986	2
10358	2.62553340962878	2
10359	2.6190279198991555	1
10360	0.35989795302388156	2
10361	1.8026269838439328	2
10362	0.45906884502748196	2
10363	1.315396975134628	2
10364	0.774841518777597	2
10365	1.00247140012318	2
10366	0.0036665419675759297	2
10367	0.2577026210678443	2
10368	0.0	2
10369	1.4476768219813192	2
10370	1.4382119535034699	2
10371	3.123575695259813	2
10372	2.941353504712909	2
10373	3.045921601114895	0
10374	1.0571493118476019	2
10375	0.0215451021310287	2
10376	3.082893173326909	2
10377	2.4682491995649594	2
10378	1.591319504436731	2
10379	2.430301913683348	2
10380	2.137932183303709	2
10381	0.15133174683300799	2
10382	1.459985211948375	2
10383	1.784598676413722	2
10384	1.52823269795283	2
10385	0.0	2
10386	0.0	2
10387	1.2126525894832911	2
10388	0.83162894218866	2
10389	0.0	2
10390	0.2470781442879662	2
10391	1.7307727370020953	2
10392	1.311702072398715	2
10393	0.6117125661121773	2
10394	4.769010408545811	2
10395	0.8842209655333051	2
10396	3.6893739018161478	2
10397	0.9849625928562221	2
10398	2.5568577897331286	2
10399	2.27373396182622	1
10400	0.5992619862334979	2
10401	1.0480959942841501	2
10402	1.422810154138	2
10403	2.7493756523016835	2
10404	0.672229713252603	2
10405	1.08917955091552	2
10406	1.422810154138	2
10407	0.432376754860323	2
10408	0.9449645692309111	2
10409	0.977930291207062	2
10410	0.14505026057037682	2
10411	0.0	2
10412	1.2579071177228502	2
10413	1.4489809026962093	2
10414	1.086001868975848	2
10415	0.0	2
10416	1.1889571939833274	2
10417	0.9315803414741408	2
10418	1.894056855299396	2
10419	0.333587975585202	2
10420	1.4840108859332288	2
10421	0.0	2
10422	0.454522219686171	2
10423	1.0477079173511936	2
10424	0.5582316648472515	2
10425	0.8374898693380631	2
10426	0.07752260550591	2
10427	0.275422667887553	2
10428	0.8726334588335265	2
10429	1.6222283809801312	2
10430	0.137543308359705	2
10431	0.32910749378930615	2
10432	1.60013309261547	2
10433	1.517063661481143	2
10434	0.28903869038113983	2
10435	1.7612086819426442	2
10436	2.9805073299063745	2
10437	1.0111574890099781	2
10438	1.707789482076679	2
10439	1.271220169406852	2
10440	1.7010586328551096	2
10441	0.0	2
10442	1.0280377913788932	2
10443	0.7752438187241961	2
10444	0.5836606834569129	2
10445	1.6450324998048211	2
10446	1.0792572390304997	2
10447	0.275422667887553	2
10448	1.309023001917545	2
10449	4.550700248464733	2
10450	1.842254893770062	2
10451	0.5222977029017744	0
10452	0.7994628169292601	2
10453	0.8888081922808401	2
10454	1.7131517784511245	2
10455	1.294529057386563	2
10456	0.8888081922808401	2
10457	1.119991417850543	2
10458	0.967108552581428	2
10459	0.9538205458193835	2
10460	1.1998989843481498	2
10461	0.20677269451646302	2
10462	1.9174393064114739	2
10463	0.967973086725908	2
10464	0.0	2
10465	0.0753697521448089	2
10466	2.5837547218862684	2
10467	1.271220169406852	2
10468	1.1998989843481498	2
10469	2.6878715789292524	2
10470	0.17178806734851773	2
10471	1.271378424940369	2
10472	1.4405919293361527	2
10473	0.0697920101271379	2
10474	1.469538896758195	1
10475	3.093789701835967	1
10476	1.6334909288010135	1
10477	1.36640200922779	1
10478	0.7447373852029396	1
10479	1.4707019919198026	1
10480	0.871581669488534	1
10481	0.7320052521023395	1
10482	1.422810154138	1
10483	0.8163979328108191	1
10484	0.0604281721466099	1
10485	1.393302592142649	1
10486	0.382413335650371	1
10487	0.106990667762818	1
10488	0.676612440822479	1
10489	0.614926482554773	1
10490	1.13780052386713	1
10491	0.0	1
10492	1.8145996569189526	1
10493	2.093474160788767	1
10494	0.89661693533207	1
10495	0.0	1
10496	1.2517535255485122	1
10497	0.86844116440947	1
10498	2.1011188708479	1
10499	1.9118684915139461	1
10500	1.7328140505181362	1
10501	1.669048551165574	1
10502	1.9552005388702138	1
10503	0.09327936416457254	1
10504	1.6042269722376898	1
10505	2.526179183979466	2
10506	0.20032253854367998	1
10507	0.735126162039053	1
10508	0.0	1
10509	1.00247140012318	1
10510	1.445946119451889	1
10511	0.31009107010022413	1
10512	0.8434361635721195	1
10513	1.7480479001900646	1
10514	0.33386691915165523	1
10515	0.736768234390174	1
10516	1.100150923384146	2
10517	1.5342051274870034	1
10518	1.728399313641444	2
10519	0.0	1
10520	0.0359581810846595	1
10521	1.471123922374961	1
10522	1.19025037397356	1
10523	0.1453066693633533	1
10524	0.5939130621367984	1
10525	0.8884990576516141	1
10526	0.26368293860703	1
10527	1.62981844151314	1
10528	1.27586315285717	1
10529	0.0	1
10530	0.7108076300987888	1
10531	0.301274760436524	1
10532	0.424393549348021	1
10533	0.5307489268876618	1
10534	1.770982139582223	1
10535	1.6009678926860051	1
10536	0.339340322434726	1
10537	0.588187137181767	1
10538	0.0	1
10539	0.0	2
10540	1.1268581294495976	1
10541	1.2832854852462439	1
10542	0.588348229271901	1
10543	0.932327356829237	1
10544	1.119675366782399	1
10545	1.432233925551604	1
10546	0.8294662752109112	2
10547	0.167673702500207	2
10548	0.925942482826912	1
10549	0.9078727046602669	1
10550	1.717022130442695	1
10551	1.439917775205603	1
10552	0.822948902639199	1
10553	1.0816087206819	1
10554	0.0	1
10555	1.432284621546424	1
10556	1.6663089918468823	1
10557	1.193208404758596	1
10558	0.13325757722338794	1
10559	0.378348840993602	1
10560	0.807268575160248	1
10561	1.2204463257409441	1
10562	3.0305272587690557	1
10563	1.5394722603620767	1
10564	1.00247140012318	1
10565	1.4878720992430652	1
10566	0.285588516179774	1
10567	1.9244876099193435	1
10568	0.3614903618834383	1
10569	1.745129113589069	1
10570	2.5875508975576484	1
10571	0.0	1
10572	0.617338501444822	1
10573	0.6928103393128129	1
10574	0.38161316826303504	1
10575	0.0872416763061188	1
10576	0.189128637501467	1
10577	1.1434904136883899	1
10578	0.4646431437661881	1
10579	2.753586489662149	2
10580	1.34987270727658	1
10581	1.5708928737201497	1
10582	0.0989307685301781	0
10583	1.1434904136883899	1
10584	0.275422667887553	1
10585	0.361620775026348	1
10586	2.2413981232164217	1
10587	0.96596978016596	0
10588	0.0040784161508349	1
10589	1.4030456959317372	1
10590	0.11772902598395098	1
10591	0.0	1
10592	1.1434904136883899	1
10593	2.1851223374143625	1
10594	0.0	1
10595	1.0213390828056537	1
10596	1.890165843174667	0
10597	0.576191289197222	1
10598	0.31833261605288	1
10599	1.130895512047809	1
10600	0.8545512700465571	1
10601	0.532109379547876	1
10602	1.8595875440424388	1
10603	0.5254384135277859	1
10604	0.24790140693682802	1
10605	0.7367416036592577	1
10606	0.29796313897611	1
10607	0.9836283123217	1
10608	0.9159107994315725	1
10609	1.6579084074908799	1
10610	0.8842209655333051	1
10611	1.4182516167294306	1
10612	0.538457353653715	1
10613	0.540839701519083	1
10614	0.0243469212173618	1
10615	1.2940679809687992	1
10616	0.0	1
10617	0.0243469212173618	1
10618	0.167673702500207	1
10619	1.9162070842050223	1
10620	0.288743511863214	1
10621	0.969742936644887	1
10622	0.41296597624725795	1
10623	0.148981569488055	1
10624	1.073685479420131	1
10625	0.9674455123062998	1
10626	1.3846693551858562	1
10627	0.42617190241551706	1
10628	0.4750076386692205	1
10629	1.953175292349445	1
10630	0.15245975561170938	1
10631	2.0117947213625738	1
10632	0.548077368819313	1
10633	0.9933197565084837	1
10634	2.3859115959069577	1
10635	3.0497607261257063	1
10636	0.871874945604953	1
10637	0.691710048280376	1
10638	0.8362176578351479	1
10639	0.886818751067134	1
10640	0.418314503271639	0
10641	1.18192910250545	0
10642	1.8154108226660037	1
10643	0.9747870613292698	0
10644	1.01218021425014	0
10645	1.10164740458595	0
10646	0.0753697521448089	0
10647	1.566138797323267	0
10648	1.506543321368798	0
10649	0.5509004804310178	0
10650	0.275422667887553	0
10651	0.3351474929326948	0
10652	0.899088024142044	0
10653	1.8036795955392502	0
10654	0.339271295931186	0
10655	0.2054128866881648	0
10656	0.0	0
10657	0.8842209655333051	0
10658	2.1293688793043337	0
10659	0.210675138493395	0
10660	1.4258291417497448	0
10661	0.9858218045318992	1
10662	1.00247140012318	0
10663	0.738386654814261	0
10664	3.914911291149531	0
10665	1.690215081579098	0
10666	1.7380545662332412	0
10667	1.4179561350799372	0
10668	1.34987270727658	0
10669	0.38466410731197614	0
10670	1.1434904136883899	0
10671	2.100289049522568	0
10672	0.19140338354351488	0
10673	1.5424726974849912	0
10674	0.6888784186049697	0
10675	1.304504144105076	0
10676	0.41941803111086495	1
10677	0.16673417846508687	0
10678	1.5574559454477264	0
10679	0.0982794663680926	0
10680	0.18283345148567298	0
10681	0.582617554562916	0
10682	0.582617554562916	1
10683	1.4012316454216769	0
10684	0.155258049158827	0
10685	0.7727686531465432	0
10686	1.238122824874323	0
10687	1.0768546772782008	0
10688	0.43997778734000603	0
10689	1.282828193219293	0
10690	1.5362816148577012	0
10691	0.0	0
10692	0.46393820260853824	0
10693	0.28379043067267673	0
10694	1.7420386938233272	0
10695	0.35437856680880503	0
10696	0.6287596637388131	0
10697	1.34987270727658	0
10698	0.189769704258469	0
10699	3.445469954697773	0
10700	1.3048676499258978	0
10701	2.0702918036652282	0
10702	0.428409845279108	0
10703	2.4921011370115314	0
10704	1.4999942743346908	0
10705	0.6783087167099002	0
10706	1.175859865603572	0
10707	1.214530257037106	0
10708	0.275422667887553	0
10709	1.4620768258599963	0
10710	0.905917369269846	0
10711	1.258941141462319	0
10712	1.435517086863825	0
10713	0.9186890979672574	0
10714	1.950294124275855	0
10715	0.0	0
10716	2.3743858934829785	0
10717	0.995117542923186	0
10718	1.495955314959974	0
10719	0.5478399596519206	0
10720	0.7436532805590258	0
10721	1.6269505719877062	0
10722	1.5461493955386463	0
10723	0.6037851765961001	0
10724	0.418314503271639	0
10725	0.5016774557813435	0
10726	1.01218021425014	0
10727	0.724413408538608	0
10728	1.4339715454501438	0
10729	0.0872416763061188	0
10730	1.682643775712554	0
10731	0.0604281721466099	0
10732	0.106990667762818	0
10733	1.0816087206819	0
10734	1.959071473329091	0
10735	0.6391393239822266	0
10736	1.7008695087634218	0
10737	1.3280345597553656	0
10738	1.4178398141167559	0
10739	0.227801100472802	0
10740	2.683602871544559	0
10741	0.1047409063954657	0
10742	0.438293794044827	0
10743	1.4561941253338822	0
10744	1.422810154138	0
10745	0.25126041860847304	0
10746	0.25954084426757484	0
10747	3.381881627467091	0
10748	2.9531317755336053	0
10749	0.385979076016137	0
10750	1.1042085432001412	0
10751	0.0872416763061188	0
10752	1.0816087206819	0
10753	0.865185824880479	0
10754	0.7285158134578767	0
10755	1.6010740978899392	0
10756	0.148981569488055	0
10757	0.0	0
10758	2.5284736939457897	0
10759	0.210675138493395	0
10760	2.8104062356842445	0
10761	0.245766458304665	0
10762	0.25126041860847304	0
10763	1.182774622348421	0
10764	0.167673702500207	0
10765	0.882448381269175	0
10766	0.815987550107566	0
10767	0.531505108353812	0
10768	0.3063360142946404	0
10769	1.587818672859479	0
10770	0.433337804970254	0
10771	1.521662308946531	0
10772	0.276344242001252	0
10773	0.982116769730859	0
10774	0.7901283818439141	0
10775	1.6010740978899392	0
10776	0.14014140380642734	0
10777	0.023671110695321	0
10778	0.5698629947099101	0
10779	0.189769704258469	0
10780	0.0872416763061188	0
10781	0.895216792047457	0
10782	0.303904152093895	0
10783	0.4413021582091597	0
10784	0.0742214942789456	0
10785	1.34987270727658	0
10786	1.506303662164175	0
10787	0.0872416763061188	0
10788	0.0789604202755374	0
10789	0.288743511863214	0
10790	0.0	0
10791	0.7981139977470519	0
10792	0.3351474929326948	0
10793	0.1317652876714189	0
10794	0.582617554562916	0
10795	0.6171921362898334	0
10796	0.12450569318521303	0
10797	0.245766458304665	0
10798	0.9887464455005429	0
10799	0.7968267436133779	0
10800	0.0	0
10801	0.210675138493395	0
10802	1.107521326462874	0
10803	0.4413021582091597	0
10804	0.554829303994564	0
10805	0.12441390229375728	0
10806	1.589043182853104	0
10807	0.346230834780627	0
10808	0.35437856680880503	0
10809	0.0646744630280609	0
10810	0.0	0
10811	0.869795493986759	0
10812	0.148981569488055	0
10813	0.143328643185267	0
10814	0.0	0
10815	0.0	0
10816	0.418314503271639	0
10817	0.0634555287672969	0
10818	0.940995078099305	0
10819	0.7420513123204899	0
10820	0.0	0
10821	0.225942610624183	0
10822	0.0872416763061188	0
10823	0.9858218045318992	0
10824	0.12450569318521303	0
10825	0.0	0
10826	0.454522219686171	0
10827	0.20479378613120702	0
10828	0.20124999803381197	0
10829	0.0	0
10830	0.5014307100805941	0
10831	0.6700876471569189	0
10832	0.0	0
10833	0.982116769730859	0
10834	0.0504625856469452	0
10835	1.2377077579388192	0
10836	0.5912467903623271	0
10837	0.20479378613120702	0
10838	0.977930291207062	0
10839	2.0117947213625738	0
10840	0.49556616983845203	0
10841	0.7595188144984442	0
10842	0.44166680767987904	0
10843	0.8032306084158639	0
10844	0.45520855589767556	0
10845	0.6124753298032859	0
10846	0.0	0
10847	1.00247140012318	0
10848	2.7393317924180907	0
10849	0.0	0
10850	0.16673417846508687	0
10851	0.0	0
10852	0.0	0
10853	0.275422667887553	0
10854	0.0	0
10855	0.0	0
10856	0.49556616983845203	0
10857	0.1811845547512479	2
10858	1.128165380012381	1
10859	0.997552534509903	2
10860	0.9970185287171291	2
10861	2.554737325766233	3
10862	3.977547479904233	3
10863	0.7331840521078782	0
10864	3.199511470776699	3
10865	1.939058880711379	3
10866	0.6632941455885191	1
10867	0.35497423697733	3
10868	0.6815043117297723	3
10869	1.0288001995327427	0
10870	1.5190152362111098	1
10871	0.24325050108824964	0
10872	0.13294786510750697	2
10873	0.13294786510750697	2
10874	1.180934419203886	2
10875	1.1998989843481498	2
10876	1.961551032093857	3
10877	1.9939030775838191	2
10878	2.940449191487459	3
10879	0.0	1
10880	0.0	1
10881	1.6229411661895214	2
10882	0.8702996270146959	1
10883	0.106990667762818	0
10884	1.6459639809190332	2
10885	2.47904705716318	2
10886	0.736250110820337	3
10887	1.391087018936559	1
10888	1.1434904136883899	1
10889	0.70894699092327	1
10890	0.314658384215231	3
10891	0.324803152303751	0
10892	1.393954523579129	3
10893	0.539403253532572	2
10894	0.7256211291308335	2
10895	0.6292806830719461	0
10896	0.582617554562916	2
10897	0.26691485681627103	1
10898	0.0	1
10899	0.24235866571602796	0
10900	0.24235866571602796	0
10901	0.40811712555279	2
10902	2.2344551328202353	2
10903	1.6126363874363498	0
10904	0.0	0
10905	1.0600044752351498	2
10906	1.4634251591760261	3
10907	0.18766042405316602	1
10908	2.01453564664783	1
10909	0.9836283123217	0
10910	1.42712455320492	0
10911	0.0	0
10912	0.8704625686309465	1
10913	1.2204178900920737	2
10914	0.513624683075964	2
10915	2.013427751367992	3
10916	4.131934644484409	2
10917	0.899798635374095	0
10918	0.32054097757544403	1
10919	4.880434573124278	3
10920	3.453310019919358	2
10921	1.8792854555900078	2
10922	1.182099999344208	1
10923	0.1339191214901933	0
10924	1.7452144924814412	1
10925	1.7452144924814412	0
10926	3.3915045528726986	3
10927	0.8177822752045469	0
10928	0.8177822752045469	1
10929	1.6995806615973947	2
10930	1.5368938266967058	3
10931	1.943540098026081	1
10932	0.9836283123217	2
10933	0.4017588990389473	0
10934	1.4038712585086914	2
10935	0.513624683075964	2
10936	1.419350694589965	2
10937	3.1055754377497635	3
10938	0.0446854498860152	0
10939	0.387125382081971	0
10940	1.241441523672313	2
10941	1.6819284964944838	0
10942	0.0	0
10943	2.411869377282193	3
10944	1.0816087206819	0
10945	0.2753879414451	3
10946	1.129939211491657	2
10947	1.887636915258181	0
10948	1.6949700014060154	3
10949	0.2653713930481255	1
10950	0.653415957519165	0
10951	1.2468448936562853	1
10952	1.23507563979876	3
10953	1.2268679449508801	0
10954	2.5210426040179446	3
10955	1.0939180508130244	3
10956	0.418314503271639	1
10957	0.4905157316868781	0
10958	0.522112603486425	0
10959	0.850261155333336	3
10960	0.997633282604161	0
10961	3.1569390735244847	3
10962	1.729814520319565	2
10963	4.079633715279997	0
10964	1.457368932302974	3
10965	0.38183818520332	1
10966	2.378334929853724	2
10967	1.357490455998844	2
10968	2.920999721472393	1
10969	1.795990464289607	0
10970	0.94143919424305	0
10971	1.23507563979876	0
10972	3.3048997997934633	3
10973	1.1941693805824325	1
10974	0.33961811053587543	0
10975	3.2711217565167496	3
10976	1.989496092768936	2
10977	0.412902220010973	0
10978	1.2753240624544557	3
10979	1.8719985392192178	2
10980	5.473150768154568	3
10981	4.046026214949648	3
10982	1.01218021425014	2
10983	0.0	0
10984	1.9364348372139641	3
10985	1.0558280883224045	3
10986	2.4222300975501945	3
10987	1.721826619970252	3
10988	0.4646431437661881	2
10989	2.0804823733300113	2
10990	1.299493735889805	2
10991	2.030533951262762	1
10992	1.8539129706429398	2
10993	0.5504506647337499	1
10994	1.1037030091545441	0
10995	3.027667503053875	3
10996	0.533021300886825	0
10997	0.533021300886825	0
10998	1.3756495238122521	3
10999	1.3756495238122521	3
11000	1.3426567451040359	3
11001	1.00247140012318	0
11002	1.1680346630259568	1
11003	0.155854448775817	0
11004	0.293732691492228	3
11005	0.293732691492228	2
11006	0.5762532487763171	2
11007	0.189769704258469	3
11008	0.189769704258469	2
11009	1.79233656064078	2
11010	1.1455407260740849	0
11011	0.4345987829341171	1
11012	0.728719362362289	0
11013	0.0	2
11014	0.275422667887553	0
11015	0.48826213759945497	0
11016	0.48826213759945497	0
11017	1.372467928007727	1
11018	1.252511562326423	2
11019	0.8872574065244611	2
11020	0.9024976611794515	0
11021	0.836478754871446	2
11022	1.691030024918003	1
11023	2.246762933679398	3
11024	1.4097516862547979	1
11025	0.615658856055038	1
11026	1.9458523822797789	3
11027	0.6700876471569189	3
11028	0.7919252784950824	1
11029	1.2783844426808124	1
11030	0.0	0
11031	1.4716343681463515	1
11032	0.5787269844527521	2
11033	1.858649630149801	2
11034	1.9167080770630012	0
11035	4.4270535584140545	3
11036	3.004243404276054	3
11037	3.004243404276054	3
11038	4.4270535584140545	3
11039	0.4236374690679078	0
11040	0.4236374690679078	0
11041	0.2243559845032948	2
11042	2.5942454401793316	1
11043	3.2593148579615385	2
11044	1.6628901172048312	2
11045	0.21129475633043548	0
11046	1.5776967655582255	0
11047	0.0	2
11048	0.414844846630541	2
11049	2.69974541455316	1
11050	0.25126041860847304	0
11051	0.6224768952446369	0
11052	0.381435956428483	2
11053	1.5517221258230482	2
11054	0.2759573907001881	0
11055	3.7020319012781453	1
11056	2.689851687028005	0
11057	0.47069381151309997	0
11058	1.7503203688150193	1
11059	0.956434548825946	0
11060	2.63461007250827	0
11061	1.21179991837027	0
11062	1.116066085319361	1
11063	1.070814355254286	3
11064	1.1899861228732171	0
11065	0.3210524287356109	0
11066	0.6611385530640701	0
11067	1.5389797918926549	0
11068	0.0	1
11069	0.148981569488055	0
11070	0.977930291207062	0
11071	3.9299929492742414	3
11072	1.929876765061944	2
11073	1.535817652236224	2
11074	1.425834143819488	0
11075	2.66167033232541	0
11076	1.23886017818741	0
11077	1.784356174646505	0
11078	0.8702996270146959	2
11079	0.0	0
11080	0.0872416763061188	0
11081	1.455967514521146	2
11082	1.092167489834042	2
11083	1.5193185664258348	2
11084	0.6647672963792778	1
11085	1.8958154466554378	3
11086	0.41537209475940506	1
11087	0.5755614249657168	2
11088	1.807269843476672	3
11089	0.531505108353812	0
11090	0.7451785457930066	2
11091	0.2462549407334307	1
11092	1.4195067674944746	0
11093	2.1677091983561314	0
11094	2.200016421067739	3
11095	2.200016421067739	3
11096	1.2480508346982244	3
11097	3.580615126995254	3
11098	2.153490573790334	3
11099	1.4243396440785618	2
11100	0.8566542866736161	0
11101	2.496102071565192	1
11102	1.838857202344476	0
11103	1.5180250052681796	2
11104	0.08810959031805964	1
11105	1.2372323783003885	2
11106	0.757598928091162	0
11107	0.766455099477654	2
11108	0.0872416763061188	1
11109	2.960011089773694	3
11110	4.263473395682884	3
11111	0.7445649904781999	1
11112	0.5574638675766312	1
11113	0.8295224246989551	1
11114	0.0697920101271379	2
11115	2.8923750192285613	3
11116	0.0068070807075123	0
11117	0.0068070807075123	0
11118	1.6628901172048312	3
11119	1.857313690375135	3
11120	0.547390908140913	3
11121	0.3908410386419009	1
11122	0.0588885259610171	0
11123	2.285140384112358	3
11124	0.34728100776548254	1
11125	0.8711635826962763	3
11126	0.6507831095184259	0
11127	1.475661793997678	3
11128	2.163785926493482	3
11129	0.37612221508338295	0
11130	2.5723520384408762	3
11131	1.2059500292130862	3
11132	1.2480508346982244	3
11133	0.2322773247664639	3
11134	0.442677041912446	0
11135	1.2709828514836137	3
11136	2.0747406094137255	3
11137	0.0381340716139694	0
11138	2.501250797841191	3
11139	0.3367068669434089	2
11140	0.728346824503189	2
11141	0.728346824503189	2
11142	0.0	1
11143	3.240863463796471	2
11144	1.3025147814240432	2
11145	0.2739574027519218	2
11146	0.2739574027519218	1
11147	1.5570907924700423	2
11148	1.5570907924700423	1
11149	1.0038101355756128	2
11150	0.2607508021003028	0
11151	0.2607508021003028	0
11152	0.33276943918731655	2
11153	1.922690723043372	3
11154	1.970392157912064	2
11155	3.357001318266864	3
11156	1.8183283514377258	3
11157	1.258484575843594	1
11158	2.385778740755714	3
11159	0.958654187550794	3
11160	1.5047422494421971	1
11161	1.8735456100081729	3
11162	0.446421056803253	1
11163	1.37808832438672	1
11164	0.31351555198359504	3
11165	0.79944272426751	0
11166	1.903414851818408	3
11167	0.627650116695548	3
11168	0.0	0
11169	0.0509722263612803	0
11170	2.098006436869555	3
11171	0.0	1
11172	0.0	1
11173	0.672229713252603	2
11174	1.0061677391433064	2
11175	1.490631071632186	1
11176	1.3995098530350445	1
11177	1.761218541232126	0
11178	1.279431277090436	1
11179	1.0268137312071162	0
11180	0.0146335169569763	0
11181	0.152307146214432	0
11182	1.0995582772160828	2
11183	2.9699490983532	3
11184	1.69418436323034	3
11185	1.214670198085462	1
11186	1.214670198085462	0
11187	1.129939211491657	3
11188	0.2753879414451	3
11189	2.0087096521689363	3
11190	4.131934644484409	1
11191	1.4057463138173198	1
11192	1.1523625098183887	2
11193	1.63977347014861	0
11194	1.3526717665865533	1
11195	0.382684619400876	1
11196	0.214486892789212	2
11197	2.3049662592340607	1
11198	0.0	2
11199	0.0	0
11200	1.6138827143380765	2
11201	2.5365892196350455	3
11202	0.0	2
11203	2.247675755716555	3
11204	0.9442134498073651	3
11205	2.9999380422135165	2
11206	1.7241733070906562	1
11207	1.7860920419627881	2
11208	0.38057533432676793	2
11209	3.8253487629866876	2
11210	0.9150905698863689	1
11211	1.294831006525396	2
11212	1.6153951394524222	3
11213	1.3828974363843922	3
11214	2.033742086733782	3
11215	0.6066175335288624	0
11216	0.11772902598395098	1
11217	1.029434231070592	1
11218	0.3134624700060511	0
11219	0.8842209655333051	3
11220	0.815095781650417	0
11221	0.5257768317182941	2
11222	1.0897812494849402	2
11223	1.7410100497325223	2
11224	4.811119485289462	3
11225	0.0	1
11226	0.7060313590934761	1
11227	2.681475296339454	3
11228	1.4125181926660293	1
11229	1.6437229412368137	1
11230	0.0376150297700167	0
11231	1.8505501120633738	2
11232	0.418314503271639	0
11233	0.7140012997072719	3
11234	1.8099596005511556	2
11235	0.9396599735364597	1
11236	0.6788981657900797	2
11237	0.5059905837315251	1
11238	1.8439695283982145	3
11239	0.5682047932753544	1
11240	2.4234675327339468	3
11241	0.7389028690668592	3
11242	0.7389028690668592	1
11243	3.668657442960695	2
11244	1.01218021425014	1
11245	1.4942378056354075	2
11246	1.4942378056354075	1
11247	0.5590129427540663	0
11248	2.4683496282280766	2
11249	1.01218021425014	0
11250	3.631596517382839	3
11251	0.614311505749041	0
11252	0.9836283123217	0
11253	0.487287148299282	1
11254	1.499467362549422	0
11255	0.09577141032507723	0
11256	0.318484100096465	2
11257	2.7068529399703016	2
11258	2.2313940033622144	2
11259	0.6599888163136399	2
11260	0.023671110695321	1
11261	0.572274347837157	2
11262	1.2722611007752933	2
11263	0.41770983072873613	1
11264	0.0	2
11265	0.0	2
11266	1.586320391992851	0
11267	1.840609479057905	2
11268	0.9860582090113481	2
11269	0.167673702500207	2
11270	1.602742079941588	3
11271	0.175617526736668	2
11272	0.2608981647033109	0
11273	1.31555105644075	2
11274	2.657361244135256	3
11275	1.230236690930336	2
11276	0.292686081875266	0
11277	0.504854408065922	1
11278	0.0162220796421141	3
11279	1.939435095206699	3
11280	2.5393036809676843	1
11281	1.2512854358821195	2
11282	0.621943155526662	0
11283	1.6584365428865198	2
11284	1.9088656190363489	2
11285	0.37726427634746584	1
11286	0.37726427634746584	0
11287	0.6709823048530048	3
11288	1.7111205161720666	2
11289	1.5448625248891306	3
11290	3.5102222436385464	1
11291	0.33371174578447355	0
11292	0.33371174578447355	0
11293	0.2547355476279321	0
11294	1.163555351743713	0
11295	1.6947717920384069	3
11296	2.524183363600589	2
11297	1.512003149350449	2
11298	0.33019067340636943	2
11299	1.3423708876565095	1
11300	0.442085335270712	0
11301	5.525035385873548	3
11302	0.7913284702368573	1
11303	0.9009329223879241	2
11304	2.081654524958188	3
11305	0.7781922190489979	2
11306	0.29009069195424503	3
11307	0.9826955432205698	0
11308	0.314932269484263	2
11309	0.314932269484263	2
11310	4.284816405357338	2
11311	2.857691852152418	3
11312	2.2200153590653806	3
11313	2.549082653211948	0
11314	1.01218021425014	1
11315	1.335806519165417	0
11316	0.130632430819858	0
11317	0.359474003248706	2
11318	0.293848851763279	2
11319	0.293848851763279	1
11320	1.0619282805959012	1
11321	1.0619282805959012	0
11322	1.1098684893506443	1
11323	0.0976882751005044	0
11324	0.0	0
11325	0.249362884832282	0
11326	0.4874502294573788	0
11327	2.080653504088432	3
11328	1.0816087206819	1
11329	1.6455544271562639	2
11330	0.36978969203340395	2
11331	0.0368870216488845	0
11332	0.0368870216488845	0
11333	2.587262174704669	0
11334	1.011116458838082	1
11335	1.4478052203121135	3
11336	2.619473672563396	0
11337	0.374786814644327	2
11338	1.0805079935689588	0
11339	1.791990199898883	1
11340	1.0853685042488561	2
11341	1.197857970006476	0
11342	0.5859036880460471	3
11343	0.5859036880460471	2
11344	0.8702996270146959	2
11345	0.0	0
11346	0.16048539396953898	2
11347	0.0	0
11348	0.0	0
11349	0.106990667762818	2
11350	2.7282798658091973	1
11351	2.7085407279944667	3
11352	1.9303849764084788	0
11353	0.582617554562916	1
11354	0.3318768843716766	2
11355	1.030750079988906	3
11356	1.885301350035463	3
11357	2.2110504076359963	2
11358	2.1545240530549203	3
11359	2.240753580461377	2
11360	1.1998989843481498	3
11361	0.418314503271639	0
11362	0.0	2
11363	2.405832362721997	2
11364	1.2364025704095143	2
11365	0.49593244483650867	2
11366	1.122765863701726	2
11367	1.626080993484454	0
11368	1.1434683925137739	3
11369	1.1648853309527458	3
11370	0.418314503271639	0
11371	2.5231478022317972	3
11372	0.11772902598395098	0
11373	0.60780830418779	1
11374	3.1160902885486053	3
11375	1.8415328209677306	2
11376	1.376146719250155	2
11377	2.654924315495193	3
11378	1.3514620095860028	3
11379	1.3772573779770336	2
11380	1.5121123913448	2
11381	3.195051595178013	3
11382	1.891589289268823	2
11383	1.087489446529285	1
11384	1.7234455002565099	3
11385	0.0	1
11386	1.865688003170464	1
11387	0.802436320614797	0
11388	0.0697920101271379	2
11389	1.0819722243772778	1
11390	1.229209556246862	3
11391	3.6674153977207378	3
11392	4.970877703629927	3
11393	2.0635945662414903	3
11394	0.6339959578836003	1
11395	0.106990667762818	1
11396	0.736768234390174	0
11397	1.517759481567205	3
11398	0.0	0
11399	1.3872454267864105	2
11400	0.3766686213981075	3
11401	3.558766996782953	3
11402	4.8345317319058125	3
11403	1.1998989843481498	0
11404	1.1802181189876335	3
11405	0.3099184919729376	2
11406	0.36207478494876294	0
11407	0.368004493132437	2
11408	0.368004493132437	1
11409	1.8988344243673503	2
11410	3.0419585198392256	0
11411	0.470564965501497	1
11412	0.470564965501497	0
11413	4.251805066292408	1
11414	1.5028853773909718	2
11415	1.23507563979876	3
11416	0.148981569488055	0
11417	3.0658810803942798	3
11418	0.7900534725260631	0
11419	1.631045582997583	0
11420	0.7417821340297	0
11421	2.4093430477768907	3
11422	1.7160818840447158	1
11423	3.6217232690134944	3
11424	2.2458750753336547	3
11425	2.380427166445571	2
11426	0.4367947743372462	2
11427	0.0	3
11428	0.0872416763061188	1
11429	1.440433965243792	1
11430	1.212186487276747	1
11431	3.147641682605948	3
11432	1.8441793766967582	2
11433	0.48354816262487077	1
11434	1.679569468541853	1
11435	1.34987270727658	0
11436	1.5794743341139668	3
11437	3.0065988873188867	3
11438	1.983104494392744	1
11439	2.406899305923109	3
11440	1.131134570800249	2
11441	4.823120940015302	3
11442	3.5473562048924423	2
11443	1.630281100748365	1
11444	0.0	0
11445	1.1998989843481498	3
11446	2.605782137781298	1
11447	0.22466171903532078	0
11448	1.6292814126939081	0
11449	2.3837127837644845	3
11450	0.9565882305595648	2
11451	3.055542700726897	2
11452	1.422810154138	1
11453	3.616248173494009	2
11454	1.749505368262879	3
11455	1.4260552361923933	3
11456	0.0	0
11457	3.805620974533175	0
11458	1.4011479171972838	2
11459	1.1137853157498476	3
11460	1.809935536219971	1
11461	1.135989894684831	0
11462	0.0872416763061188	1
11463	2.701260182559235	1
11464	0.298513303459018	0
11465	1.5525440249893296	2
11466	1.692225669745174	0
11467	0.0	0
11468	0.275422667887553	1
11469	0.882788519720765	0
11470	2.8823969634096365	3
11471	1.4595868092716362	3
11472	2.912273892988509	3
11473	1.4894637388505085	2
11474	0.0	1
11475	0.0	0
11476	0.112557282534871	0
11477	3.007945524958702	3
11478	2.5368348315910128	0
11479	0.2158594854825505	2
11480	0.2158594854825505	0
11481	1.257946672554805	2
11482	0.245766458304665	0
11483	0.2058077741141764	0
11484	0.21642674378629947	2
11485	1.4601234020147826	1
11486	0.0198920206208961	0
11487	3.9818462514621267	3
11488	2.5590360973241264	3
11489	1.0816087206819	2
11490	3.508195286871563	3
11491	2.141793277643773	2
11492	0.0901410694651215	2
11493	2.647147284003204	2
11494	3.281732356356686	2
11495	0.42900678726856567	2
11496	2.562066969241446	3
11497	2.393924801875119	3
11498	4.211930766089102	3
11499	2.908468460179912	3
11500	1.516525850539586	2
11501	0.4159647299825054	3
11502	1.7823667392102953	3
11503	3.999289388013338	0
11504	1.218872673954074	0
11505	1.508322329688358	0
11506	0.3112671439006099	1
11507	0.959494863800815	2
11508	2.217695964302453	1
11509	0.6664458746460471	2
11510	0.6664458746460471	0
11511	0.8704047518505359	3
11512	0.8704047518505359	3
11513	0.700346580546866	0
11514	2.193729827349554	3
11515	0.2557205263577278	1
11516	2.776390753078398	3
11517	1.0701665253649353	2
11518	2.690438120957459	1
11519	1.34987270727658	1
11520	1.5767434132434683	1
11521	0.2979631389761095	0
11522	0.5644975610484972	0
11523	0.9384539428970611	3
11524	1.00247140012318	2
11525	1.0834106030640234	3
11526	2.513009211421913	3
11527	3.694503942157563	3
11528	2.418739207034703	2
11529	1.2505935270762554	2
11530	1.18192910250545	3
11531	0.287390800709544	2
11532	0.5108549245291595	1
11533	1.1422333424983402	2
11534	0.873636611472618	0
11535	2.0939279338196752	3
11536	2.099190184332853	2
11537	0.017187796762073004	0
11538	0.8702996270146959	2
11539	0.0	2
11540	2.0757990958143684	2
11541	0.10127550233631914	0
11542	2.1408830013519813	3
11543	1.1893263249287511	2
11544	0.6319074024817584	1
11545	2.5561378354083417	0
11546	0.7042314710621028	3
11547	0.17580701774132404	2
11548	0.797558515382183	3
11549	3.461011738558934	3
11550	2.185247003436074	3
11551	0.9190897911841279	2
11552	2.026834296410935	2
11553	0.5362689171342215	0
11554	1.1998989843481498	3
11555	0.0	2
11556	1.6309511708264952	3
11557	1.039479014692132	3
11558	1.9625189002803969	3
11559	1.4537524372163069	2
11560	2.155017054676745	2
11561	0.272462626259076	0
11562	0.752199942157121	0
11563	1.6126763508330613	2
11564	1.282632487403755	0
11565	1.1862074699102796	3
11566	0.33165619986372247	3
11567	3.017309829875051	3
11568	3.821365533519424	3
11569	1.9171657061014873	2
11570	1.129092466997876	3
11571	1.3066490014796508	2
11572	1.919425367419082	2
11573	0.16424904161884302	0
11574	1.2633545131154467	3
11575	1.646421473754306	0
11576	3.079471297165755	3
11577	4.355236032288615	3
11578	0.277532378438052	0
11579	1.27576473512286	2
11580	0.11772902598395098	2
11581	2.3422102679028627	2
11582	0.23339925276803447	1
11583	0.736714224717741	2
11584	3.297145302611754	2
11585	2.426845675597058	2
11586	2.278571022739865	2
11587	0.8545512700465571	2
11588	1.632287829864208	0
11589	0.275422667887553	0
11590	0.679721425180658	2
11591	1.534272695227215	2
11592	1.2384643466008651	2
11593	2.724077380186581	1
11594	1.420615074277391	1
11595	0.815980233323105	0
11596	0.177152446454751	0
11597	0.177152446454751	0
11598	0.158668567892424	3
11599	0.158668567892424	2
11600	2.0151177454361475	3
11601	1.6457246529643788	1
11602	1.6800773796918498	3
11603	0.7797402672470121	1
11604	1.1809373328220998	1
11605	2.272534738598872	2
11606	0.8220773673546562	0
11607	1.519858750445877	1
11608	0.566491307152173	0
11609	2.214125728958255	2
11610	1.968210276455923	2
11611	0.957231379249732	3
11612	1.8975533773775526	2
11613	0.0872416763061188	0
11614	0.593667390749501	2
11615	0.0	3
11616	0.0	0
11617	1.00247140012318	1
11618	2.3838602126573925	2
11619	3.466428366722802	2
11620	1.4489809026962093	3
11621	0.603851154147244	0
11622	1.635373941875899	2
11623	1.7393728952992058	1
11624	1.5244868864212184	1
11625	4.367359830113461	3
11626	0.382872403079762	2
11627	3.8108712156576354	3
11628	2.3837466624527153	0
11629	0.0872416763061188	0
11630	0.5278303229295891	0
11631	0.210675138493395	2
11632	1.463221808212798	2
11633	1.675227412315153	3
11634	0.39946267719229284	2
11635	0.977930291207062	0
11636	1.01218021425014	0
11637	0.293732691492228	0
11638	1.1434904136883899	0
11639	0.106990667762818	0
11640	1.18192910250545	2
11641	1.34987270727658	2
11642	0.9514526010986399	2
11643	1.262578962688207	1
11644	0.9917171905596991	1
11645	0.23545805196790195	1
11646	0.11772902598395098	3
11647	0.3960139188187179	0
11648	1.6768994348294561	2
11649	1.1937988631952168	2
11650	0.5521608353648586	2
11651	0.2933647073000899	0
11652	1.4254418484907327	0
11653	4.421987486874566	3
11654	2.9948629336696464	3
11655	0.4720066702791169	0
11656	0.4483341593467398	0
11657	1.947829401006627	2
11658	0.6720646658837671	1
11659	1.2843100586069176	0
11660	2.163889812371468	3
11661	1.901431693785122	0
11662	0.7577790669004331	3
11663	0.0	0
11664	1.1998989843481498	2
11665	0.0	2
11666	0.0	1
11667	0.15145375863344399	3
11668	0.15145375863344399	0
11669	1.3699259510762427	0
11670	0.0685504368727539	2
11671	2.2900950320323723	3
11672	0.0	0
11673	0.0	0
11674	0.07752260550591	3
11675	0.8545512700465571	1
11676	0.0	0
11677	1.238122824874323	1
11678	0.225942610624183	0
11679	1.986319755088117	3
11680	1.986319755088117	3
11681	1.508404647961669	0
11682	0.8704047518505359	3
11683	0.8704047518505359	3
11684	1.6118121077398497	3
11685	1.8716634584318985	2
11686	2.958151406399206	3
11687	0.167673702500207	1
11688	0.8582262497747747	0
11689	0.5787372949893459	1
11690	1.901431693785122	0
11691	1.6707497436957908	2
11692	1.271881598934149	3
11693	2.109632413245785	3
11694	3.4130947191549748	2
11695	1.5764551863992682	0
11696	1.038255487447028	3
11697	0.148981569488055	0
11698	0.582617554562916	2
11699	1.333754501935973	0
11700	2.1041498999714596	1
