id	score	importantwordcount	intensity
20000	3.4184681945734603	2.0	3
20001	1.66360061728692	1.0	3
20002	1.9505618168911103	1.0	3
20003	1.46902274181674	1.0	3
20004	2.320253415849479	2.0	3
20005	5.420028991193355	4.0	3
20006	3.01531798934326	2.0	3
20007	3.533301856388707	3.0	3
20008	2.287118263581575	3.0	3
20009	2.287118263581575	3.0	3
20010	4.020588008895466	3.0	3
20011	3.7007283628585	2.0	3
20012	4.64536474111726	3.0	3
20013	8.101675070194041	5.0	3
20014	2.97039432695554	2.0	3
20015	2.0358387037783228	2.0	3
20016	1.75128291010178	1.0	3
20017	1.1478096490319598	1.0	3
20018	5.0563699283682	3.0	3
20019	1.66360061728692	1.0	3
20020	1.59151217882972	1.0	3
20021	4.22123987186092	3.0	3
20022	1.8230914821230901	1.0	3
20023	3.7835788386686158	3.0	3
20024	1.94944545275672	1.0	3
20025	3.553114419190485	3.0	3
20026	3.1638001151898703	2.0	3
20027	0.6208587937986569	1.0	3
20028	2.0358387037783228	2.0	3
20029	2.4881232003803353	2.0	3
20030	1.75128291010178	1.0	3
20031	1.07075419350105	1.0	3
20032	2.539591756726752	2.0	3
20033	1.8230914821230901	1.0	3
20034	2.82227325899417	2.0	3
20035	1.07075419350105	1.0	3
20036	1.1106762329583102	1.0	3
20037	5.684956610413359	5.0	3
20038	0.0	0.0	3
20039	2.274382540127021	2.0	3
20040	1.66360061728692	1.0	3
20041	3.90139905832065	2.0	3
20042	1.173878103306879	2.0	3
20043	1.75128291010178	1.0	3
20044	3.871729454816286	3.0	3
20045	1.2588064250039899	1.0	3
20046	1.54648849745577	1.0	3
20047	4.0310659731388565	3.0	3
20048	2.37900592356758	2.0	3
20049	7.068857525231547	6.0	3
20050	0.0	0.0	3
20051	3.4018799803822004	2.0	3
20052	3.4184681945734603	2.0	3
20053	1.1478096490319598	1.0	3
20054	1.59151217882972	1.0	3
20055	3.1047947828635403	2.0	3
20056	5.005839000912121	4.0	3
20057	1.1106762329583102	1.0	3
20058	1.66360061728692	1.0	3
20059	6.72221237032363	4.0	3
20060	1.94944545275672	1.0	3
20061	1.70872329568298	1.0	3
20062	5.2294555293114	3.0	3
20063	3.0566093507406595	2.0	3
20064	1.9505618168911103	1.0	3
20065	0.0	0.0	3
20066	3.54171773537062	3.0	3
20067	1.07159488291584	1.0	3
20068	2.73435481078797	2.0	3
20069	0.0	0.0	3
20070	1.6642715331121498	1.0	3
20071	0.0	0.0	3
20072	1.1410233893476	1.0	3
20073	0.0	0.0	3
20074	2.7259269101653283	3.0	3
20075	1.3685053422604099	1.0	3
20076	0.0	0.0	3
20077	0.5515668703043329	1.0	3
20078	0.0	0.0	3
20079	2.640797032476733	2.0	3
20080	1.66360061728692	1.0	3
20081	3.24096249009688	2.0	3
20082	3.9283310325108	3.0	3
20083	1.2588064250039899	1.0	3
20084	4.8062824081987205	3.0	3
20085	2.4583292496081572	2.0	3
20086	2.3283301395586817	2.0	3
20087	1.66360061728692	1.0	3
20088	1.05401201235797	1.0	3
20089	2.31281843736196	2.0	3
20090	0.5281761511893011	1.0	3
20091	3.08937225783679	2.0	3
20092	6.180984445444838	6.0	3
20093	1.2588064250039899	1.0	3
20094	1.1478096490319598	1.0	3
20095	5.135316225934925	4.0	2
20096	0.971124352552206	1.0	2
20097	1.2588064250039899	1.0	2
20098	0.971124352552206	1.0	2
20099	0.0	0.0	2
20100	1.6382960467088898	1.0	2
20101	1.6868484281878589	2.0	2
20102	1.5629587717347069	2.0	2
20103	4.835853046956803	4.0	2
20104	4.40468560959857	4.0	2
20105	1.4285008582181102	1.0	2
20106	2.97039432695554	2.0	2
20107	1.2588064250039899	1.0	2
20108	4.62684624984383	3.0	2
20109	1.2588064250039899	1.0	2
20110	1.75128291010178	1.0	2
20111	3.5316032490838296	2.0	2
20112	0.0	0.0	2
20113	0.871040893995223	1.0	2
20114	1.2588064250039899	1.0	2
20115	0.0	0.0	2
20116	1.5952786616252	1.0	2
20117	0.0	0.0	2
20118	0.0	0.0	2
20119	1.07075419350105	1.0	2
20120	1.2588064250039899	1.0	2
20121	2.229930777556196	2.0	2
20122	3.20825187776071	2.0	2
20123	2.9039865923439154	2.0	2
20124	1.9505618168911103	1.0	2
20125	3.05475578209133	2.0	2
20126	0.0	0.0	2
20127	4.378063522255944	4.0	2
20128	1.66360061728692	1.0	2
20129	2.843386361994731	3.0	2
20130	0.0	0.0	2
20131	1.66360061728692	1.0	2
20132	1.9437231064274199	1.0	2
20133	3.67422768883387	2.0	2
20134	1.239659632684047	2.0	2
20135	1.4411279817979399	1.0	2
20136	2.320253415849479	2.0	2
20137	3.1793185047331	2.0	2
20138	2.281850834734551	2.0	2
20139	0.0	0.0	2
20140	1.14730284483245	1.0	2
20141	4.619840447335181	4.0	2
20142	1.9505618168911103	1.0	2
20143	3.4417232377920057	3.0	2
20144	1.2588064250039899	1.0	2
20145	1.94944545275672	1.0	2
20146	1.1478096490319598	1.0	2
20147	0.8002508749954871	1.0	2
20148	3.1815519500537	2.0	2
20149	2.32699249039932	2.0	2
20150	1.94541763458415	1.0	2
20151	0.649040853383092	1.0	2
20152	4.54240377952417	3.0	2
20153	2.351267633312391	2.0	2
20154	1.8486246724683701	1.0	2
20155	0.6160942346868089	1.0	2
20156	3.215121400893559	3.0	2
20157	1.9505618168911103	1.0	2
20158	2.97039432695554	2.0	2
20159	3.369217230244809	3.0	2
20160	1.1478096490319598	1.0	2
20161	1.4285008582181102	1.0	2
20162	3.37568667453607	2.0	2
20163	1.70872329568298	1.0	2
20164	3.1882871747158603	2.0	2
20165	0.0	0.0	2
20166	5.793051174352263	4.0	2
20167	1.66360061728692	1.0	2
20168	1.64179867726009	1.0	2
20169	0.649040853383092	1.0	2
20170	2.559394384022932	2.0	2
20171	0.54096663185367	1.0	2
20172	5.65142726323972	4.0	2
20173	1.788533660221968	2.0	2
20174	1.87784563341021	1.0	2
20175	5.871870616622802	5.0	2
20176	1.75128291010178	1.0	2
20177	4.2400501787376506	3.0	2
20178	0.5297272352179779	1.0	2
20179	2.709863906315475	2.0	2
20180	3.02377951984331	2.0	2
20181	1.409544093813518	2.0	2
20182	1.9505618168911103	1.0	2
20183	1.9437231064274199	1.0	2
20184	1.64179867726009	1.0	2
20185	1.4285008582181102	1.0	2
20186	1.2588064250039899	1.0	2
20187	0.0	0.0	2
20188	1.9234419816004658	2.0	2
20189	1.46902274181674	1.0	2
20190	2.583509935681845	2.0	2
20191	2.5181835119305633	2.0	2
20192	2.6258729690021996	2.0	2
20193	3.27889371242029	2.0	2
20194	1.70872329568298	1.0	2
20195	6.863108313107878	5.0	2
20196	1.87784563341021	1.0	2
20197	0.0	0.0	2
20198	0.0	0.0	2
20199	1.9505618168911103	1.0	2
20200	0.7623695386900949	1.0	2
20201	1.07075419350105	1.0	2
20202	2.121116411882566	2.0	2
20203	2.747961246267054	3.0	2
20204	0.876871814306016	1.0	2
20205	1.2588064250039899	1.0	2
20206	2.5215267493291074	2.0	2
20207	3.914876785972539	3.0	2
20208	1.9505618168911103	1.0	2
20209	2.05872081774926	2.0	2
20210	1.9506749907224123	2.0	2
20211	1.4285008582181102	1.0	2
20212	0.0	0.0	1
20213	2.183200944058571	2.0	1
20214	1.66360061728692	1.0	1
20215	3.045050881631817	3.0	1
20216	0.0	0.0	1
20217	3.7765771988403687	3.0	1
20218	3.628499144935342	3.0	1
20219	1.4411279817979399	1.0	1
20220	0.0	0.0	1
20221	1.5922722826139002	2.0	1
20222	1.4285008582181102	1.0	1
20223	3.861865128290269	4.0	1
20224	1.9196063748911458	2.0	1
20225	1.2588064250039899	1.0	1
20226	6.12052307061676	4.0	1
20227	1.94541763458415	1.0	1
20228	3.5608990035268704	2.0	1
20229	2.580655402069217	2.0	1
20230	0.0	0.0	1
20231	1.8230914821230901	1.0	1
20232	3.41016889620965	2.0	1
20233	0.760418453558755	1.0	1
20234	0.0	0.0	1
20235	1.2588064250039899	1.0	1
20236	4.747117313766195	5.0	1
20237	4.254275670730008	3.0	1
20238	0.0	0.0	1
20239	1.06691541719388	1.0	1
20240	1.95195360556393	1.0	1
20241	0.0	0.0	1
20242	2.321270812072474	2.0	1
20243	1.64179867726009	1.0	1
20244	1.816166866633331	2.0	1
20245	0.788802795758251	1.0	1
20246	0.0	0.0	1
20247	0.649040853383092	1.0	1
20248	1.7838139021815649	2.0	1
20249	1.64179867726009	1.0	1
20250	0.565659244444041	1.0	1
20251	0.565659244444041	1.0	1
20252	4.496766112047837	4.0	1
20253	0.0	0.0	1
20254	3.27889371242029	2.0	1
20255	1.1478096490319598	1.0	1
20256	0.0	0.0	1
20257	3.07387682353811	2.0	1
20258	3.23707733888529	2.0	1
20259	3.17313476154377	2.0	1
20260	1.270576932567098	2.0	1
20261	0.0	0.0	1
20262	2.973923318330609	3.0	1
20263	0.0	0.0	1
20264	2.3331551770894547	2.0	1
20265	0.0	0.0	1
20266	0.0	0.0	1
20267	0.0	0.0	1
20268	0.0	0.0	1
20269	2.3640269823956768	2.0	1
20270	1.449772220006617	2.0	1
20271	0.0	0.0	1
20272	3.3037310033433807	2.0	1
20273	0.704772046906759	1.0	1
20274	1.3685053422604099	1.0	1
20275	1.5952786616252	1.0	1
20276	1.94944545275672	1.0	1
20277	0.0	0.0	1
20278	0.0	0.0	1
20279	3.89567671199135	2.0	1
20280	0.0	0.0	1
20281	0.0	0.0	1
20282	0.0	0.0	1
20283	5.95359819212829	4.0	1
20284	0.0	0.0	1
20285	1.2588064250039899	1.0	1
20286	1.14730284483245	1.0	1
20287	0.0	0.0	1
20288	3.4829374620571603	2.0	1
20289	1.9505618168911103	1.0	1
20290	2.50804339899182	2.0	1
20291	0.0	0.0	1
20292	5.01736134932492	3.0	1
20293	1.36706654399821	1.0	1
20294	3.21076003056792	2.0	1
20295	3.333213838920944	3.0	1
20296	3.47596924716764	2.0	1
20297	1.5166355343060902	1.0	1
20298	1.465848426946458	2.0	1
20299	0.0	0.0	1
20300	1.6642715331121498	1.0	1
20301	0.0	0.0	1
20302	0.0	0.0	1
20303	1.4411279817979399	1.0	1
20304	1.9505618168911103	1.0	1
20305	3.945966597195009	3.0	1
20306	1.68520360211452	2.0	1
20307	2.0343700408571213	2.0	1
20308	0.0	0.0	1
20309	1.3685053422604099	1.0	1
20310	1.1478096490319598	1.0	1
20311	1.762602626081476	2.0	1
20312	1.6990890612612222	2.0	1
20313	1.3156663888272697	2.0	1
20314	0.740863333469132	1.0	1
20315	0.7971281720552701	1.0	1
20316	0.0	0.0	1
20317	0.6160942346868089	1.0	1
20318	1.4411279817979399	1.0	1
20319	3.90139905832065	2.0	1
20320	0.0	0.0	1
20321	1.8486246724683701	1.0	1
20322	0.0	0.0	1
20323	3.6524464021104	2.0	1
20324	2.60427199483001	2.0	1
20325	2.055213820147456	2.0	1
20326	0.0	0.0	1
20327	2.32421220542956	2.0	1
20328	2.016837562095482	2.0	1
20329	1.95195360556393	1.0	1
20330	1.95195360556393	1.0	1
20331	1.1410233893476	1.0	1
20332	1.7473704451516827	2.0	1
20333	1.5727367235307	1.0	1
20334	0.0	0.0	1
20335	3.3063464916283203	2.0	1
20336	1.9505618168911103	1.0	1
20337	1.730022937067395	2.0	1
20338	0.0	0.0	1
20339	0.0	0.0	1
20340	1.5952786616252	1.0	1
20341	1.584579936990741	2.0	1
20342	4.367226355654519	3.0	1
20343	1.9505618168911103	1.0	1
20344	2.8052949224597503	2.0	1
20345	1.66360061728692	1.0	1
20346	0.704772046906759	1.0	1
20347	0.0	0.0	1
20348	1.4285008582181102	1.0	1
20349	2.798758951479972	2.0	1
20350	1.95195360556393	1.0	1
20351	0.0	0.0	1
20352	0.0	0.0	1
20353	0.0	0.0	1
20354	0.635020372241544	1.0	1
20355	3.3076448126221623	3.0	1
20356	2.480013377389491	2.0	1
20357	0.871040893995223	1.0	1
20358	0.0	0.0	1
20359	1.606937856919454	2.0	1
20360	1.258612484656462	2.0	1
20361	3.37568667453607	2.0	1
20362	1.68625043983093	1.0	1
20363	1.8630006274469648	2.0	1
20364	0.0	0.0	1
20365	4.02588013464354	3.0	1
20366	0.0	0.0	1
20367	0.0	0.0	1
20368	1.770398448177756	2.0	1
20369	2.0121261281741627	2.0	1
20370	0.0	0.0	1
20371	3.1793185047331	2.0	1
20372	0.0	0.0	1
20373	0.0	0.0	1
20374	2.076148354039484	2.0	1
20375	0.0	0.0	1
20376	4.117957834298704	3.0	1
20377	1.1534459093461598	1.0	1
20378	5.409451611149007	5.0	1
20379	1.1478096490319598	1.0	1
20380	0.0	0.0	1
20381	0.953424775452805	1.0	1
20382	3.185870773178206	3.0	1
20383	1.542429364703241	2.0	1
20384	0.6160942346868089	1.0	1
20385	0.9217103430761721	1.0	1
20386	1.789374349636761	2.0	1
20387	0.760418453558755	1.0	0
20388	0.0	0.0	0
20389	1.5917882566854298	1.0	0
20390	1.7978029257366699	1.0	0
20391	0.0	0.0	0
20392	1.94944545275672	1.0	0
20393	0.0	0.0	0
20394	2.45247354783701	2.0	0
20395	0.0	0.0	0
20396	0.0	0.0	0
20397	0.0	0.0	0
20398	1.7978029257366699	1.0	0
20399	0.0	0.0	0
20400	1.258612484656462	2.0	0
20401	1.95195360556393	1.0	0
20402	1.4285008582181102	1.0	0
20403	0.0	0.0	0
20404	0.0	0.0	0
20405	0.0	0.0	0
20406	4.54642546109751	3.0	0
20407	0.0	0.0	0
20408	0.0	0.0	0
20409	2.886456213546043	3.0	0
20410	0.0	0.0	0
20411	0.0	0.0	0
20412	0.952076157581511	1.0	0
20413	0.0	0.0	0
20414	0.7130875743329459	1.0	0
20415	0.0	0.0	0
20416	1.8486246724683701	1.0	0
20417	1.94541763458415	1.0	0
20418	1.54648849745577	1.0	0
20419	0.0	0.0	0
20420	2.17926267856256	2.0	0
20421	1.5952786616252	1.0	0
20422	0.0	0.0	0
20423	1.2588064250039899	1.0	0
20424	0.0	0.0	0
20425	0.932329728214453	1.0	0
20426	0.0	0.0	0
20427	5.08041369306354	3.0	0
20428	0.0	0.0	0
20429	1.4285008582181102	1.0	0
20430	0.0	0.0	0
20431	1.58422882543861	1.0	0
20432	1.16349624519966	1.0	0
20433	1.4367001384392641	2.0	0
20434	0.0	0.0	0
20435	0.0	0.0	0
20436	0.871040893995223	1.0	0
20437	4.87527527968567	3.0	0
20438	2.818969754689639	3.0	0
20439	0.0	0.0	0
20440	0.952076157581511	1.0	0
20441	0.0	0.0	0
20442	2.191136153218443	2.0	0
20443	0.0	0.0	0
20444	1.2588064250039899	1.0	0
20445	0.0	0.0	0
20446	1.7320004417759312	2.0	0
20447	1.298081706766184	2.0	0
20448	1.9533381081418963	2.0	0
20449	2.564132865642864	2.0	0
20450	0.0	0.0	0
20451	0.704772046906759	1.0	0
20452	0.0	0.0	0
20453	0.603529518499451	1.0	0
20454	0.0	0.0	0
20455	1.16349624519966	1.0	0
20456	0.0	0.0	0
20457	0.0	0.0	0
20458	1.66360061728692	1.0	0
20459	0.0	0.0	0
20460	0.0	0.0	0
20461	1.6785874834271928	3.0	0
20462	1.64179867726009	1.0	0
20463	0.0	0.0	0
20464	1.5727367235307	1.0	0
20465	0.0	0.0	0
20466	0.0	0.0	0
20467	0.0	0.0	0
20468	1.16349624519966	1.0	0
20469	1.671591313980371	2.0	0
20470	0.0	0.0	0
20471	3.41274584824416	2.0	0
20472	0.0	0.0	0
20473	2.376800823657671	2.0	0
20474	2.6295497466421542	2.0	0
20475	1.75128291010178	1.0	0
20476	1.3156663888272697	2.0	0
20477	1.2100162608345502	1.0	0
20478	4.510126120604826	3.0	0
20479	0.0	0.0	0
20480	0.0	0.0	0
20481	2.2575647417583107	2.0	0
20482	0.0	0.0	0
20483	1.908364026194647	2.0	0
20484	1.5952786616252	1.0	0
20485	1.70872329568298	1.0	0
20486	0.0	0.0	0
20487	0.53175769276836	1.0	0
20488	1.43026903995192	1.0	0
20489	0.0	0.0	0
20490	0.0	0.0	0
20491	0.0	0.0	0
20492	0.871040893995223	1.0	0
20493	0.0	0.0	0
20494	0.0	0.0	0
20495	0.6160942346868089	1.0	0
20496	0.0	0.0	0
20497	0.0	0.0	0
20498	0.0	0.0	0
20499	0.0	0.0	0
20500	0.0	0.0	0
20501	1.75128291010178	1.0	0
20502	1.16349624519966	1.0	0
20503	1.64179867726009	1.0	0
20504	0.642518249969653	1.0	0
20505	1.68625043983093	1.0	0
20506	0.0	0.0	0
20507	2.1834725227217398	2.0	0
20508	0.0	0.0	0
20509	1.94944545275672	1.0	0
20510	0.0	0.0	0
20511	0.0	0.0	0
20512	0.0	0.0	0
20513	0.0	0.0	0
20514	0.0	0.0	0
20515	0.0	0.0	0
20516	1.8230914821230901	1.0	0
20517	0.60431139887832	1.0	0
20518	0.6160942346868089	1.0	0
20519	0.871040893995223	1.0	0
20520	5.891384231779159	4.0	0
20521	0.0	0.0	0
20522	1.2588064250039899	1.0	0
20523	0.0	0.0	0
20524	0.0	0.0	0
20525	0.0	0.0	0
20526	1.2588064250039899	1.0	0
20527	1.4285008582181102	1.0	0
20528	1.6382960467088898	1.0	0
20529	4.361642962350797	3.0	0
20530	0.0	0.0	0
20531	1.9437231064274199	1.0	0
20532	2.016837562095482	2.0	0
20533	0.0	0.0	0
20534	0.530567924632771	1.0	0
20535	0.0	0.0	0
20536	3.58552178368751	2.0	0
20537	2.68312314341641	2.0	0
20538	2.566403014177406	2.0	0
20539	2.17098824192274	2.0	0
20540	1.4285008582181102	1.0	0
20541	0.659185302454865	1.0	0
20542	0.0	0.0	0
20543	1.2680829536766929	2.0	0
20544	1.5917882566854298	1.0	0
20545	0.0	0.0	0
20546	1.68625043983093	1.0	0
20547	0.0	0.0	0
20548	0.0	0.0	0
20549	0.0	0.0	0
20550	1.70872329568298	1.0	0
20551	1.68625043983093	1.0	0
20552	1.957997062072554	2.0	0
20553	0.0	0.0	0
20554	0.659185302454865	1.0	0
20555	0.7140792495623142	1.0	0
20556	0.0	0.0	0
20557	0.505034622627606	1.0	0
20558	0.0	0.0	0
20559	1.3531691864522701	1.0	0
20560	1.18981355351704	1.0	0
20561	2.033585419396703	2.0	0
20562	0.0	0.0	0
20563	1.95195360556393	1.0	0
20564	1.18981355351704	1.0	0
20565	0.0	0.0	0
20566	1.8230914821230901	1.0	0
20567	1.2588064250039899	1.0	0
20568	0.0	0.0	0
20569	0.0	0.0	0
20570	0.0	0.0	0
20571	0.0	0.0	0
20572	0.0	0.0	0
20573	0.0	0.0	0
20574	0.0	0.0	0
20575	2.587191373048997	2.0	0
20576	1.2588064250039899	1.0	0
20577	0.0	0.0	0
20578	0.0	0.0	0
20579	1.16349624519966	1.0	0
20580	0.0	0.0	0
20581	0.0	0.0	0
20582	0.0	0.0	0
20583	0.642518249969653	1.0	0
20584	2.2929889135233243	2.0	0
20585	0.0	0.0	0
20586	1.5375198274730102	1.0	0
20587	0.0	0.0	0
20588	3.8476869174791304	3.0	0
20589	0.0	0.0	0
20590	2.048827495024591	2.0	0
20591	0.0	0.0	0
20592	0.0	0.0	0
20593	0.0	0.0	0
20594	0.0	0.0	0
20595	1.5952786616252	1.0	0
20596	0.0	0.0	0
20597	1.46644578978223	1.0	0
20598	0.610779679724511	1.0	0
20599	1.9437231064274199	1.0	0
20600	0.0	0.0	0
20601	1.94944545275672	1.0	0
20602	0.0	0.0	0
20603	0.740863333469132	1.0	0
20604	3.10891387978381	2.0	0
20605	0.0	0.0	0
20606	1.4285008582181102	1.0	0
20607	1.4411279817979399	1.0	0
20608	0.0	0.0	0
20609	0.0	0.0	0
20610	1.6130954982199341	2.0	0
20611	1.01194634707246	1.0	0
20612	0.0	0.0	0
20613	0.0	0.0	0
20614	0.0	0.0	0
20615	0.0	0.0	0
20616	1.4411279817979399	1.0	0
20617	0.0	0.0	0
20618	1.16349624519966	1.0	0
20619	0.0	0.0	0
20620	0.7479808012379959	1.0	0
20621	0.9217103430761721	1.0	0
20622	0.0	0.0	0
20623	0.7557028473319058	1.0	0
20624	0.0	0.0	0
20625	0.505034622627606	1.0	0
20626	1.07075419350105	1.0	0
20627	0.0	0.0	0
20628	0.0	0.0	0
20629	0.0	0.0	0
20630	0.0	0.0	0
20631	0.0	0.0	0
20632	0.0	0.0	0
20633	0.0	0.0	0
20634	0.0	0.0	0
20635	0.0	0.0	0
20636	0.0	0.0	0
20637	0.0	0.0	0
20638	0.0	0.0	0
20639	0.0	0.0	0
20640	0.6169525388315921	1.0	0
20641	1.1534459093461598	1.0	0
20642	0.0	0.0	0
20643	1.7797284578364223	2.0	0
20644	0.6160942346868089	1.0	0
20645	0.0	0.0	0
20646	3.0996420956924444	4.0	0
20647	0.0	0.0	0
20648	1.1478096490319598	1.0	0
20649	1.75128291010178	1.0	0
20650	0.642518249969653	1.0	0
20651	0.8002508749954871	1.0	0
20652	0.0	0.0	0
20653	0.0	0.0	0
20654	0.9217103430761721	1.0	0
20655	0.0	0.0	0
20656	1.66360061728692	1.0	0
20657	0.0	0.0	0
20658	0.0	0.0	0
20659	0.635237767485067	1.0	0
20660	0.0	0.0	0
20661	0.0	0.0	0
20662	1.2588064250039899	1.0	0
20663	0.871040893995223	1.0	0
20664	2.7967489652120907	3.0	0
20665	0.0	0.0	0
20666	0.659185302454865	1.0	0
20667	0.565659244444041	1.0	0
20668	1.1410233893476	1.0	0
20669	1.3685053422604099	1.0	0
20670	0.0	0.0	0
20671	0.0	0.0	0
20672	1.3137243662689582	2.0	0
20673	0.0	0.0	0
20674	0.0	0.0	0
20675	1.64179867726009	1.0	0
20676	0.0	0.0	0
20677	1.01194634707246	1.0	0
20678	1.16349624519966	1.0	0
20679	0.0	0.0	0
20680	0.0	0.0	0
20681	0.0	0.0	0
20682	0.0	0.0	0
20683	0.0	0.0	0
20684	0.505034622627606	1.0	0
20685	0.0	0.0	0
20686	0.649040853383092	1.0	0
20687	0.0	0.0	0
20688	2.083646231767593	2.0	0
20689	0.0	0.0	0
20690	0.0	0.0	0
20691	0.0	0.0	0
20692	1.16349624519966	1.0	0
20693	2.5453697340066403	2.0	0
20694	0.0	0.0	0
20695	0.0	0.0	0
20696	2.783644020378459	2.0	0
20697	0.0	0.0	0
20698	0.50051994227308	1.0	0
20699	0.8021999257876029	1.0	0
20700	0.0	0.0	0
20701	2.16225049553306	2.0	0
20702	0.0	0.0	0
20703	1.19818180318755	1.0	0
20704	1.399008036927937	2.0	0
20705	4.490787368590791	3.0	0
20706	0.0	0.0	0
20707	0.541402266798481	1.0	0
20708	0.0	0.0	0
20709	1.8486246724683701	1.0	0
20710	0.0	0.0	0
20711	0.0	0.0	0
20712	0.0	0.0	0
20713	0.788802795758251	1.0	0
20714	0.0	0.0	0
20715	0.0	0.0	0
20716	0.0	0.0	0
20717	0.0	0.0	0
20718	0.0	0.0	0
20719	2.9512151031505	2.0	0
20720	0.0	0.0	0
20721	3.9829898870592237	3.0	0
20722	0.0	0.0	0
20723	0.0	0.0	0
20724	1.4411279817979399	1.0	0
20725	1.5166355343060902	1.0	0
20726	0.0	0.0	0
20727	0.635237767485067	1.0	0
20728	1.3175780697765018	2.0	0
20729	0.649040853383092	1.0	0
20730	0.788802795758251	1.0	0
20731	0.0	0.0	0
20732	1.1410233893476	1.0	0
20733	0.0	0.0	0
20734	1.704898511998141	2.0	0
20735	0.0	0.0	0
20736	0.0	0.0	0
20737	0.0	0.0	0
20738	1.5952786616252	1.0	0
20739	0.0	0.0	0
20740	0.0	0.0	0
20741	0.635020372241544	1.0	0
20742	1.8486246724683701	1.0	0
20743	0.0	0.0	0
20744	0.0	0.0	0
20745	1.6382960467088898	1.0	0
20746	0.0	0.0	0
20747	0.0	0.0	0
20748	0.0	0.0	0
20749	0.871040893995223	1.0	0
20750	1.1410233893476	1.0	0
20751	0.0	0.0	0
20752	0.0	0.0	0
20753	1.1410233893476	1.0	0
20754	0.0	0.0	0
20755	0.0	0.0	0
20756	0.0	0.0	0
20757	0.0	0.0	0
20758	0.0	0.0	0
20759	0.0	0.0	0
20760	0.0	0.0	0
20761	0.0	0.0	0
20762	0.9800930225349659	1.0	0
20763	3.37391849280226	2.0	0
20764	0.0	0.0	0
20765	0.0	0.0	0
20766	0.6160942346868089	1.0	0
20767	1.0581357295418399	1.0	0
20768	0.0	0.0	0
20769	0.0	0.0	0
20770	0.0	0.0	0
20771	0.0	0.0	0
20772	0.0	0.0	0
20773	0.0	0.0	0
20774	1.2554337405253502	1.0	0
20775	0.0	0.0	0
20776	0.0	0.0	0
20777	3.3168869456335264	3.0	0
20778	0.0	0.0	0
20779	1.390735149858267	2.0	0
20780	0.0	0.0	0
20781	0.0	0.0	0
20782	1.1410233893476	1.0	0
20783	5.356469615445881	3.0	0
20784	0.0	0.0	0
20785	2.401332444236121	2.0	0
20786	3.031113319176178	3.0	0
20787	2.329040952664885	2.0	0
20788	0.0	0.0	0
20789	1.957997062072554	2.0	0
20790	0.0	0.0	0
20791	3.038534882840412	3.0	0
20792	0.0	0.0	0
20793	3.6524464021104	2.0	0
20794	4.559569543833897	4.0	0
20795	0.953424775452805	1.0	0
20796	1.07075419350105	1.0	0
20797	2.41695869661456	2.0	0
20798	1.2431584734677519	2.0	0
20799	0.0	0.0	0
20800	0.505034622627606	1.0	0
20801	2.590727990325414	2.0	0
20802	0.0	0.0	0
20803	0.7977714657410111	1.0	0
20804	0.530567924632771	1.0	0
20805	3.2941994053667214	3.0	0
20806	0.5909770524283311	1.0	0
20807	0.0	0.0	0
20808	0.0	0.0	0
20809	1.925052906353193	2.0	0
20810	0.0	0.0	0
20811	0.0	0.0	0
20812	0.0	0.0	0
20813	0.0	0.0	0
20814	0.0	0.0	0
20815	0.0	0.0	0
20816	0.0	0.0	0
20817	0.0	0.0	0
20818	0.0	0.0	0
20819	1.1410233893476	1.0	0
20820	0.0	0.0	0
20821	0.0	0.0	0
20822	1.1478096490319598	1.0	0
20823	0.0	0.0	0
20824	0.0	0.0	0
20825	1.2588064250039899	1.0	0
20826	0.0	0.0	0
20827	1.94944545275672	1.0	0
20828	0.0	0.0	0
20829	0.0	0.0	0
20830	2.387711225434024	2.0	0
20831	0.0	0.0	0
20832	0.872033449907975	1.0	0
20833	0.0	0.0	0
20834	3.4184681945734603	2.0	0
20835	0.0	0.0	0
20836	0.0	0.0	0
20837	0.0	0.0	0
20838	0.0	0.0	0
20839	0.0	0.0	0
20840	1.9437231064274199	1.0	0
20841	0.0	0.0	0
20842	0.6169525388315921	1.0	0
20843	0.0	0.0	0
20844	1.1410233893476	1.0	0
20845	0.0	0.0	0
20846	0.0	0.0	0
20847	0.0	0.0	0
20848	0.0	0.0	0
20849	5.2379225117941415	4.0	0
20850	0.0	0.0	0
20851	0.0	0.0	0
20852	0.9217103430761721	1.0	0
20853	0.0	0.0	0
20854	0.0	0.0	0
20855	0.0	0.0	0
20856	0.0	0.0	0
20857	0.0	0.0	0
20858	0.0	0.0	0
20859	1.1534459093461598	1.0	0
20860	0.0	0.0	0
20861	0.0	0.0	0
20862	0.0	0.0	0
20863	0.0	0.0	0
20864	0.0	0.0	0
20865	1.14730284483245	1.0	0
20866	1.9437231064274199	1.0	0
20867	0.0	0.0	0
20868	0.0	0.0	0
20869	0.0	0.0	0
20870	0.0	0.0	0
20871	0.6789879297510439	1.0	0
20872	1.1410233893476	1.0	0
20873	0.0	0.0	0
20874	5.729010337779664	5.0	0
20875	1.1410233893476	1.0	0
20876	0.50112072330647	1.0	0
20877	0.0	0.0	0
20878	1.3660128110521002	1.0	0
20879	0.893346651509521	1.0	0
20880	1.1410233893476	1.0	0
20881	1.6642715331121498	1.0	0
20882	0.649040853383092	1.0	0
20883	0.0	0.0	0
20884	1.6382960467088898	1.0	0
20885	0.0	0.0	0
20886	0.583896831993822	1.0	0
20887	0.0	0.0	0
20888	0.0	0.0	0
20889	0.0	0.0	0
20890	0.0	0.0	0
20891	0.0	0.0	0
20892	2.407913932751544	2.0	0
20893	0.0	0.0	0
20894	3.147323475261282	3.0	0
20895	0.691917877739484	1.0	0
20896	0.505034622627606	1.0	0
20897	1.01194634707246	1.0	0
20898	0.0	0.0	0
20899	0.800498835521442	1.0	0
20900	0.0	0.0	0
20901	1.1534459093461598	1.0	0
20902	0.0	0.0	0
20903	1.1410233893476	1.0	0
20904	0.0	0.0	0
20905	1.70872329568298	1.0	0
20906	1.70872329568298	1.0	0
20907	0.0	0.0	0
20908	0.0	0.0	0
20909	0.0	0.0	0
20910	1.698100857102221	2.0	0
20911	1.832941267087084	2.0	0
20912	5.272731081926917	4.0	0
20913	0.0	0.0	0
20914	1.6382960467088898	1.0	0
20915	1.3685053422604099	1.0	0
20916	0.0	0.0	0
20917	0.0	0.0	0
20918	0.0	0.0	0
20919	0.0	0.0	0
20920	0.6160942346868089	1.0	0
20921	1.95195360556393	1.0	0
20922	0.0	0.0	0
20923	0.0	0.0	0
20924	0.0	0.0	0
20925	0.0	0.0	0
20926	0.0	0.0	0
20927	0.0	0.0	0
20928	0.9800930225349659	1.0	0
20929	0.0	0.0	0
20930	0.0	0.0	0
20931	1.3685053422604099	1.0	0
20932	0.7732986092222859	1.0	0
20933	0.0	0.0	0
20934	0.0	0.0	0
20935	0.0	0.0	0
20936	0.0	0.0	0
20937	0.0	0.0	0
20938	0.7479808012379959	1.0	0
20939	0.0	0.0	0
20940	0.0	0.0	0
20941	0.0	0.0	0
20942	1.4285008582181102	1.0	0
20943	0.0	0.0	0
20944	0.0	0.0	0
20945	0.0	0.0	0
20946	0.0	0.0	0
20947	1.25659960897542	2.0	0
20948	0.0	0.0	0
20949	0.0	0.0	0
20950	0.0	0.0	0
20951	2.219566535990498	3.0	0
20952	0.0	0.0	0
20953	0.0	0.0	0
20954	0.0	0.0	0
20955	0.0	0.0	0
20956	0.8002508749954871	1.0	0
20957	1.94541763458415	1.0	0
20958	0.649040853383092	1.0	0
20959	0.8925620300491031	1.0	0
20960	0.8035798073367579	1.0	0
20961	0.0	0.0	0
20962	0.0	0.0	0
20963	0.0	0.0	0
20964	0.0	0.0	0
20965	5.36116969779338	3.0	0
20966	0.0	0.0	0
20967	0.0	0.0	0
20968	0.0	0.0	0
20969	0.953424775452805	1.0	0
20970	0.0	0.0	0
20971	5.040016830984786	4.0	0
20972	0.704772046906759	1.0	0
20973	1.2588064250039899	1.0	0
20974	0.0	0.0	0
20975	1.704898511998141	2.0	0
20976	0.649040853383092	1.0	0
20977	3.41744659136596	2.0	0
20978	0.760418453558755	1.0	0
20979	1.9924645365772222	2.0	0
20980	0.0	0.0	0
20981	0.0	0.0	0
20982	0.0	0.0	0
20983	1.5952786616252	1.0	0
20984	0.0	0.0	0
20985	0.0	0.0	0
20986	0.0	0.0	0
20987	0.0	0.0	0
20988	0.0	0.0	0
20989	1.11026371297102	1.0	0
20990	4.456026209447158	3.0	0
20991	0.0	0.0	0
20992	0.760418453558755	1.0	0
20993	0.0	0.0	0
20994	0.5938301214107379	1.0	0
20995	0.0	0.0	0
20996	2.043154870412854	2.0	0
20997	0.0	0.0	0
20998	1.558113363802581	2.0	0
20999	0.0	0.0	0
21000	2.25115042397492	2.0	0
21001	2.512303103019738	2.0	0
21002	1.07075419350105	1.0	0
21003	1.07075419350105	1.0	0
21004	0.524837249923786	1.0	0
21005	0.0	0.0	0
21006	0.0	0.0	0
21007	0.0	0.0	0
21008	0.0	0.0	0
21009	0.0	0.0	0
21010	0.0	0.0	0
21011	0.0	0.0	0
21012	1.4897355619899741	2.0	0
21013	0.0	0.0	0
21014	1.42132535450176	1.0	0
21015	0.0	0.0	0
21016	0.0	0.0	0
21017	0.704772046906759	1.0	0
21018	1.3685053422604099	1.0	0
21019	0.0	0.0	0
21020	1.558988264684372	2.0	0
21021	0.0	0.0	0
21022	1.9437231064274199	1.0	0
21023	1.2100162608345502	1.0	0
21024	1.7712211549292123	2.0	0
21025	0.0	0.0	0
21026	0.0	0.0	0
21027	0.0	0.0	0
21028	0.0	0.0	0
21029	0.0	0.0	0
21030	0.0	0.0	0
21031	0.0	0.0	0
21032	1.54648849745577	1.0	0
21033	0.0	0.0	0
21034	0.6160942346868089	1.0	0
21035	0.7977714657410111	1.0	0
21036	1.3137243662689582	2.0	0
21037	0.0	0.0	0
21038	2.294469298693764	2.0	0
21039	0.8035798073367579	1.0	0
21040	0.0	0.0	0
21041	0.0	0.0	0
21042	0.0	0.0	0
21043	0.0	0.0	0
21044	0.8100224421769799	1.0	0
21045	0.0	0.0	0
21046	0.603529518499451	1.0	0
21047	0.0	0.0	0
21048	0.0	0.0	0
21049	1.28412423298828	1.0	0
21050	3.827359327180068	3.0	0
21051	0.704772046906759	1.0	0
21052	0.0	0.0	0
21053	0.0	0.0	0
21054	0.0	0.0	0
21055	0.649040853383092	1.0	0
21056	1.1534459093461598	1.0	0
21057	1.70872329568298	1.0	0
21058	0.0	0.0	0
21059	0.0	0.0	0
21060	0.0	0.0	0
21061	0.0	0.0	0
21062	1.4897355619899741	2.0	0
21063	0.505034622627606	1.0	0
21064	0.0	0.0	0
21065	0.0	0.0	0
21066	1.46902274181674	1.0	0
21067	0.0	0.0	0
21068	0.0	0.0	0
21069	1.270620090116968	2.0	0
21070	1.42132535450176	1.0	0
21071	0.0	0.0	0
21072	0.0	0.0	0
21073	0.7337961662460392	1.0	0
21074	1.8003429540643259	2.0	0
21075	0.0	0.0	0
21076	0.0	0.0	0
21077	0.0	0.0	0
21078	2.232080665554868	2.0	0
21079	0.0	0.0	0
21080	1.70872329568298	1.0	0
21081	0.0	0.0	0
21082	0.0	0.0	0
21083	0.66675536131541	1.0	0
21084	0.0	0.0	0
21085	0.0	0.0	0
21086	0.0	0.0	0
21087	0.759815258884999	1.0	0
21088	1.270620090116968	2.0	0
21089	0.0	0.0	0
21090	0.0	0.0	0
21091	0.0	0.0	0
21092	1.1644436635556998	1.0	0
21093	0.505034622627606	1.0	0
21094	1.07075419350105	1.0	0
21095	0.704772046906759	1.0	0
21096	0.0	0.0	0
21097	0.0	0.0	0
21098	0.642518249969653	1.0	0
21099	0.0	0.0	0
21100	0.8035798073367579	1.0	0
21101	0.0	0.0	0
21102	3.9059188556565747	4.0	0
21103	0.524837249923786	1.0	0
21104	0.0	0.0	0
21105	0.8021999257876029	1.0	0
21106	0.7337961662460392	1.0	0
21107	0.0	0.0	0
21108	0.7448677809949871	1.0	0
21109	0.0	0.0	0
21110	0.0	0.0	0
21111	0.565659244444041	1.0	0
21112	0.0	0.0	0
21113	1.07075419350105	1.0	0
21114	0.0	0.0	0
21115	0.0	0.0	0
21116	0.0	0.0	0
21117	0.9021314810652541	1.0	0
21118	0.0	0.0	0
21119	0.0	0.0	0
21120	0.0	0.0	0
21121	0.0	0.0	0
21122	1.1478096490319598	1.0	0
21123	0.0	0.0	0
21124	0.0	0.0	0
21125	0.0	0.0	0
21126	0.0	0.0	0
21127	0.0	0.0	0
21128	0.0	0.0	0
21129	2.0580805206295363	2.0	0
21130	0.0	0.0	0
21131	0.0	0.0	0
21132	0.0	0.0	0
21133	0.0	0.0	0
21134	0.0	0.0	0
21135	0.6160942346868089	1.0	0
21136	0.0	0.0	0
21137	0.0	0.0	0
21138	0.0	0.0	0
21139	0.0	0.0	0
21140	1.54648849745577	1.0	0
21141	0.0	0.0	0
21142	0.0	0.0	0
21143	0.0	0.0	0
21144	0.0	0.0	0
21145	0.0	0.0	0
21146	0.0	0.0	0
21147	0.0	0.0	2
21148	0.7198099242713	1.0	0
21149	1.665541710868112	2.0	0
21150	0.0	0.0	0
21151	0.0	0.0	0
21152	0.0	0.0	0
21153	0.649040853383092	1.0	0
21154	2.195529350838862	2.0	0
21155	1.75128291010178	1.0	2
21156	3.6439162009027974	3.0	3
21157	1.820824718779707	2.0	2
21158	0.0	0.0	0
21159	1.16349624519966	1.0	1
21160	0.0	0.0	0
21161	0.0	0.0	0
21162	0.649040853383092	1.0	0
21163	3.1905573232504	2.0	0
21164	0.0	0.0	0
21165	0.0	0.0	0
21166	0.0	0.0	0
21167	1.2588064250039899	1.0	1
21168	0.0	0.0	0
21169	1.5952786616252	1.0	3
21170	0.0	0.0	1
21171	0.0	0.0	0
21172	0.0	0.0	0
21173	2.7370106845208197	2.0	0
21174	3.479768532577422	3.0	2
21175	1.5118529698126262	2.0	0
21176	1.5118529698126262	2.0	0
21177	2.3455785547019232	2.0	2
21178	0.522487072578833	1.0	0
21179	0.0	0.0	0
21180	5.079684711896657	4.0	0
21181	0.0	0.0	0
21182	1.3685053422604099	1.0	2
21183	0.0	0.0	2
21184	0.0	0.0	0
21185	4.084594048871882	3.0	1
21186	2.139176414287731	2.0	1
21187	1.3685053422604099	1.0	1
21188	0.0	0.0	0
21189	1.2588064250039899	1.0	0
21190	0.9800930225349659	1.0	2
21191	0.0	0.0	0
21192	0.0	0.0	1
21193	2.8722721599672822	2.0	3
21194	1.1478096490319598	1.0	3
21195	0.0	0.0	0
21196	0.7448677809949871	1.0	0
21197	0.7448677809949871	1.0	0
21198	3.49021160388319	2.0	0
21199	0.0	0.0	2
21200	0.0	0.0	0
21201	0.0	0.0	0
21202	0.0	0.0	0
21203	0.0	0.0	0
21204	0.0	0.0	0
21205	1.64179867726009	1.0	2
21206	3.0889334307400667	4.0	3
21207	0.0	0.0	0
21208	0.0	0.0	0
21209	0.0	0.0	0
21210	1.4285008582181102	1.0	1
21211	0.0	0.0	0
21212	1.5952786616252	1.0	3
21213	0.0	0.0	2
21214	1.9437231064274199	1.0	0
21215	6.61590933937528	4.0	3
21216	4.67218623294786	3.0	2
21217	1.3531691864522701	1.0	0
21218	2.6543618386760333	3.0	0
21219	1.513338449328433	2.0	0
21220	1.9128418172356298	2.0	1
21221	0.9054482336912478	1.0	0
21222	0.9054482336912478	1.0	0
21223	0.0	0.0	0
21224	1.66360061728692	1.0	3
21225	3.48669209941001	2.0	2
21226	1.75128291010178	1.0	2
21227	0.0	0.0	0
21228	0.0	0.0	0
21229	0.0	0.0	0
21230	0.0	0.0	0
21231	0.0	0.0	0
21232	0.0	0.0	0
21233	0.0	0.0	0
21234	1.8964391690731208	2.0	0
21235	0.6376327440691311	1.0	0
21236	1.8230914821230901	1.0	2
21237	0.0	0.0	0
21238	1.5952786616252	1.0	0
21239	0.0	0.0	0
21240	0.0	0.0	0
21241	0.0	0.0	0
21242	0.0	0.0	0
21243	0.0	0.0	0
21244	1.229609296830545	2.0	0
21245	1.68625043983093	1.0	0
21246	0.0	0.0	0
21247	0.0	0.0	0
21248	0.0	0.0	0
21249	0.0	0.0	0
21250	0.0	0.0	0
21251	0.0	0.0	0
21252	0.0	0.0	0
21253	0.0	0.0	0
21254	3.88619793954996	2.0	0
21255	0.0	0.0	0
21256	0.0	0.0	0
21257	1.1410233893476	1.0	0
21258	0.0	0.0	0
21259	1.5952786616252	1.0	0
21260	0.0	0.0	1
21261	3.6524464021104	2.0	0
21262	1.70872329568298	1.0	0
21263	1.66360061728692	1.0	1
21264	1.9437231064274199	1.0	2
21265	0.0	0.0	1
21266	3.3640403236520307	3.0	3
21267	5.10970105888459	4.0	3
21268	0.0	0.0	0
21269	0.0	0.0	0
21270	0.0	0.0	0
21271	0.0	0.0	0
21272	0.0	0.0	0
21273	0.649040853383092	1.0	0
21274	0.635237767485067	1.0	0
21275	0.0	0.0	0
21276	1.95195360556393	1.0	0
21277	0.0	0.0	1
21278	1.3416448234871519	2.0	0
21279	0.0	0.0	0
21280	0.0	0.0	1
21281	0.0	0.0	0
21282	1.2588064250039899	1.0	1
21283	0.0	0.0	0
21284	1.397021654621088	2.0	0
21285	0.0	0.0	1
21286	0.518031195454787	1.0	0
21287	0.518031195454787	1.0	0
21288	1.64179867726009	1.0	1
21289	0.0	0.0	0
21290	0.0	0.0	0
21291	0.0	0.0	0
21292	3.638326214564463	3.0	2
21293	1.694603108137043	2.0	0
21294	1.1478096490319598	1.0	3
21295	0.0	0.0	3
21296	0.0	0.0	2
21297	1.01194634707246	1.0	1
21298	1.158722966447	1.0	0
21299	1.158722966447	1.0	0
21300	2.699934406801924	2.0	1
21301	2.47659252804847	2.0	2
21302	2.15629752651274	2.0	2
21303	0.0	0.0	0
21304	0.8002508749954871	1.0	0
21305	5.566412629332868	4.0	0
21306	0.0	0.0	0
21307	1.68625043983093	1.0	0
21308	0.0	0.0	0
21309	0.0	0.0	0
21310	2.567959263118077	2.0	0
21311	0.7448677809949871	1.0	0
21312	1.8230914821230901	1.0	3
21313	0.0	0.0	0
21314	0.0	0.0	0
21315	1.70872329568298	1.0	1
21316	2.8526932979563644	2.0	2
21317	0.9021314810652541	1.0	0
21318	0.0	0.0	0
21319	1.1410233893476	1.0	0
21320	2.5821513711455477	2.0	3
21321	1.94944545275672	1.0	3
21322	0.0	0.0	0
21323	0.0	0.0	0
21324	0.0	0.0	1
21325	1.16349624519966	1.0	0
21326	0.0	0.0	2
21327	0.0	0.0	2
21328	0.871040893995223	1.0	0
21329	0.0	0.0	0
21330	1.8486246724683701	1.0	0
21331	1.75128291010178	1.0	3
21332	2.96752972068697	2.0	0
21333	0.0	0.0	0
21334	1.9437231064274199	1.0	0
21335	0.0	0.0	0
21336	0.0	0.0	1
21337	0.0	0.0	1
21338	0.0	0.0	1
21339	2.501012323061053	2.0	3
21340	0.5515668703043329	1.0	2
21341	3.02468813452692	2.0	1
21342	1.4285008582181102	1.0	0
21343	1.07075419350105	1.0	2
21344	0.0	0.0	1
21345	0.0	0.0	0
21346	0.0	0.0	1
21347	0.0	0.0	0
21348	0.0	0.0	0
21349	0.0	0.0	0
21350	0.0	0.0	0
21351	0.0	0.0	0
21352	0.0	0.0	0
21353	0.0	0.0	0
21354	1.68625043983093	1.0	1
21355	0.5297272352179779	1.0	0
21356	0.5297272352179779	1.0	0
21357	0.704772046906759	1.0	2
21358	0.721413773853274	1.0	0
21359	0.721413773853274	1.0	0
21360	0.0	0.0	1
21361	0.649040853383092	1.0	0
21362	2.89000689931697	2.0	2
21363	1.06691541719388	1.0	0
21364	0.0	0.0	0
21365	0.0	0.0	0
21366	0.0	0.0	0
21367	4.93939980785521	3.0	1
21368	1.39607148718056	1.0	3
21369	3.34148912176471	2.0	3
21370	0.649040853383092	1.0	0
21371	5.612605775915573	5.0	0
21372	0.0	0.0	0
21373	0.0	0.0	0
21374	0.0	0.0	0
21375	0.0	0.0	0
21376	0.0	0.0	0
21377	0.0	0.0	0
21378	0.0	0.0	1
21379	0.0	0.0	0
21380	0.0	0.0	0
21381	0.0	0.0	0
21382	0.0	0.0	0
21383	0.780434546087734	1.0	0
21384	1.1478096490319598	1.0	1
21385	1.8486246724683701	1.0	0
21386	1.70872329568298	1.0	0
21387	1.68625043983093	1.0	0
21388	0.0	0.0	0
21389	0.0	0.0	0
21390	0.0	0.0	0
21391	0.0	0.0	0
21392	0.0	0.0	0
21393	2.4806767273308967	2.0	2
21394	0.531231274574177	1.0	0
21395	1.07075419350105	1.0	0
21396	0.0	0.0	0
21397	0.642518249969653	1.0	1
21398	0.642518249969653	1.0	1
21399	0.0	0.0	0
21400	0.0	0.0	1
21401	4.104163650821478	4.0	1
21402	0.91705713128193	1.0	0
21403	1.9505618168911103	1.0	3
21404	1.64179867726009	1.0	0
21405	1.4411279817979399	1.0	0
21406	0.0	0.0	0
21407	1.8230914821230901	1.0	1
21408	0.0	0.0	0
21409	1.1956275233824498	1.0	0
21410	1.1956275233824498	1.0	0
21411	0.0	0.0	0
21412	0.0	0.0	0
21413	1.1534459093461598	1.0	0
21414	2.570879473873015	2.0	2
21415	0.620317656981905	1.0	0
21416	0.518031195454787	1.0	3
21417	0.0	0.0	0
21418	0.0	0.0	0
21419	0.0	0.0	0
21420	0.0	0.0	0
21421	1.1410233893476	1.0	0
21422	1.11038641988571	1.0	0
21423	0.0	0.0	0
21424	0.0	0.0	0
21425	4.535381044284585	4.0	1
21426	0.704772046906759	1.0	0
21427	0.0	0.0	0
21428	0.0	0.0	0
21429	0.649040853383092	1.0	0
21430	1.8486246724683701	1.0	0
21431	3.0230574071041403	2.0	2
21432	0.0	0.0	0
21433	0.0	0.0	2
21434	2.763334935740484	2.0	2
21435	1.9437231064274199	1.0	3
21436	0.0	0.0	0
21437	0.0	0.0	0
21438	0.0	0.0	0
21439	1.94541763458415	1.0	0
21440	1.3685053422604099	1.0	1
21441	1.54648849745577	1.0	0
21442	0.0	0.0	0
21443	1.8486246724683701	1.0	0
21444	1.562618379346358	2.0	0
21445	0.0	0.0	0
21446	2.2691514907094756	2.0	1
21447	1.433813751119036	2.0	0
21448	1.433813751119036	2.0	0
21449	0.0	0.0	0
21450	0.0	0.0	0
21451	2.7836783293725103	2.0	0
21452	0.7122627186359171	1.0	2
21453	0.7122627186359171	1.0	0
21454	0.0	0.0	0
21455	0.0	0.0	0
21456	1.16349624519966	1.0	0
21457	0.649040853383092	1.0	0
21458	1.75128291010178	1.0	3
21459	0.780434546087734	1.0	0
21460	0.780434546087734	1.0	0
21461	0.871040893995223	1.0	1
21462	0.0	0.0	0
21463	1.16349624519966	1.0	0
21464	2.3997379096145846	3.0	2
21465	1.140931484610595	2.0	0
21466	1.4285008582181102	1.0	0
21467	3.1762606685753605	2.0	3
21468	1.3531691864522701	1.0	0
21469	0.0	0.0	1
21470	2.2156067413798586	3.0	0
21471	0.0	0.0	1
21472	0.9104997307357711	1.0	1
21473	1.2588064250039899	1.0	0
21474	0.0	0.0	0
21475	2.077771346158306	2.0	2
21476	2.077771346158306	2.0	1
21477	3.04348497384414	2.0	3
21478	2.755284501885091	2.0	0
21479	1.2588064250039899	1.0	2
21480	0.0	0.0	0
21481	2.607666931066979	3.0	2
21482	0.0	0.0	0
21483	1.9437231064274199	1.0	0
21484	0.0	0.0	2
21485	0.0	0.0	0
21486	7.794309406340931	5.0	3
21487	5.844863953584211	4.0	3
21488	1.43026903995192	1.0	1
21489	1.43026903995192	1.0	0
21490	0.541561692864981	1.0	2
21491	2.642913743495984	2.0	0
21492	0.699190637068564	1.0	0
21493	0.0	0.0	2
21494	0.736681245984063	1.0	2
21495	0.871040893995223	1.0	2
21496	0.0	0.0	0
21497	0.0	0.0	0
21498	1.07075419350105	1.0	0
21499	0.0	0.0	0
21500	0.649040853383092	1.0	0
21501	2.783644020378459	2.0	0
21502	0.0	0.0	0
21503	0.0	0.0	0
21504	2.2847685348501185	3.0	0
21505	0.0	0.0	0
21506	0.0	0.0	0
21507	0.0	0.0	0
21508	1.7487056235664928	2.0	0
21509	3.4611084432983836	3.0	0
21510	1.2588064250039899	1.0	0
21511	2.8052949224597503	2.0	1
21512	0.0	0.0	2
21513	3.353408136732043	3.0	3
21514	1.403962683975323	2.0	2
21515	3.206272110828881	4.0	0
21516	1.70872329568298	1.0	0
21517	0.0	0.0	0
21518	2.298838384771987	2.0	3
21519	0.0	0.0	0
21520	0.0	0.0	0
21521	1.9505618168911103	1.0	3
21522	0.0	0.0	3
21523	0.0	0.0	0
21524	0.0	0.0	0
21525	0.0	0.0	0
21526	0.0	0.0	0
21527	0.0	0.0	1
21528	1.1478096490319598	1.0	1
21529	0.0	0.0	0
21530	0.0	0.0	0
21531	0.565659244444041	1.0	0
21532	6.0310311652315	4.0	1
21533	2.53509721501901	2.0	0
21534	0.549129942492831	1.0	0
21535	2.61989183598489	3.0	1
21536	1.3610854109809	2.0	0
21537	1.1410233893476	1.0	2
21538	0.0	0.0	2
21539	0.0	0.0	0
21540	0.9217103430761721	1.0	0
21541	1.1410233893476	1.0	0
21542	3.5221805433843123	3.0	3
21543	1.6990890612612222	2.0	0
21544	1.3685053422604099	1.0	0
21545	1.6382960467088898	1.0	3
21546	0.0	0.0	0
21547	1.8230914821230901	1.0	3
21548	4.9840218473884805	3.0	0
21549	0.0	0.0	0
21550	0.0	0.0	2
21551	1.54648849745577	1.0	0
21552	0.6710197601018679	1.0	0
21553	1.64179867726009	1.0	0
21554	1.66360061728692	1.0	2
21555	3.2187477031669123	3.0	3
21556	1.3956562210438221	2.0	0
21557	1.94944545275672	1.0	2
21558	0.0	0.0	0
21559	3.1815519500537	2.0	3
21560	0.0	0.0	0
21561	0.0	0.0	0
21562	0.7198099242713	1.0	0
21563	0.0	0.0	1
21564	0.0	0.0	0
21565	0.7479808012379959	1.0	1
21566	0.7479808012379959	1.0	0
21567	0.649040853383092	1.0	0
21568	1.70872329568298	1.0	2
21569	1.68625043983093	1.0	2
21570	1.9437231064274199	1.0	0
21571	1.4411279817979399	1.0	0
21572	0.0	0.0	0
21573	0.0	0.0	0
21574	1.1478096490319598	1.0	0
21575	1.880035520602843	2.0	0
21576	0.0	0.0	0
21577	0.0	0.0	0
21578	3.32154772986816	3.0	3
21579	0.565659244444041	1.0	0
21580	0.565659244444041	1.0	0
21581	1.5952786616252	1.0	2
21582	0.0	0.0	0
21583	0.871040893995223	1.0	0
21584	1.938081752371612	2.0	0
21585	1.66360061728692	1.0	3
21586	3.7007283628585	2.0	2
21587	1.1478096490319598	1.0	0
21588	0.0	0.0	0
21589	0.0	0.0	2
21590	1.9437231064274199	1.0	2
21591	5.137568780388652	5.0	0
21592	0.0	0.0	0
21593	0.0	0.0	0
21594	0.0	0.0	0
21595	0.704772046906759	1.0	0
21596	0.704772046906759	1.0	0
21597	0.871040893995223	1.0	2
21598	0.0	0.0	0
21599	0.0	0.0	0
21600	0.0	0.0	0
21601	5.8849726801748155	4.0	2
21602	4.061881198051725	3.0	0
21603	0.0	0.0	0
21604	0.0	0.0	0
21605	2.1720851495971676	2.0	0
21606	2.86962884001605	2.0	3
21607	1.4285008582181102	1.0	2
21608	1.3685053422604099	1.0	0
21609	1.9437231064274199	1.0	0
21610	0.0	0.0	0
21611	1.54648849745577	1.0	0
21612	2.352818717341068	2.0	2
21613	0.0	0.0	0
21614	0.0	0.0	0
21615	0.760418453558755	1.0	0
21616	0.760418453558755	1.0	0
21617	0.0	0.0	0
21618	0.871040893995223	1.0	1
21619	1.4285008582181102	1.0	3
21620	0.0	0.0	0
21621	0.0	0.0	0
21622	0.649040853383092	1.0	0
21623	3.224220084731586	3.0	0
21624	0.6020268886149159	1.0	1
21625	0.0	0.0	0
21626	0.0	0.0	0
21627	1.9437231064274199	1.0	2
21628	0.0	0.0	0
21629	5.561859556328652	4.0	1
21630	1.2588064250039899	1.0	2
21631	0.0	0.0	1
21632	1.75128291010178	1.0	3
21633	3.14762725594427	2.0	1
21634	1.19818180318755	1.0	0
21635	0.53175769276836	1.0	0
21636	1.1410233893476	1.0	0
21637	0.0	0.0	0
21638	0.0	0.0	0
21639	0.567396864342582	1.0	0
21640	0.567396864342582	1.0	0
21641	0.0	0.0	0
21642	0.0	0.0	0
21643	1.9437231064274199	1.0	1
21644	0.0	0.0	0
21645	1.94541763458415	1.0	2
21646	0.0	0.0	1
21647	0.0	0.0	0
21648	0.0	0.0	1
21649	0.0	0.0	1
21650	4.97022307807456	3.0	0
21651	3.02077762531784	2.0	0
21652	1.457955355327933	2.0	0
21653	0.0	0.0	2
21654	0.0	0.0	2
21655	0.0	0.0	0
21656	0.0	0.0	0
21657	3.7007283628585	2.0	3
21658	1.75128291010178	1.0	3
21659	0.0	0.0	0
21660	0.871040893995223	1.0	1
21661	3.84077443650422	2.0	3
21662	1.8913289837474998	1.0	2
21663	1.07075419350105	1.0	0
21664	2.016837562095482	2.0	1
21665	0.0	0.0	0
21666	0.0	0.0	0
21667	1.8486246724683701	1.0	0
21668	1.3688507776543921	2.0	0
21669	1.54648849745577	1.0	0
21670	0.0	0.0	0
21671	0.0	0.0	0
21672	0.0	0.0	0
21673	1.487993432826815	2.0	2
21674	2.586241356397073	2.0	2
21675	0.0	0.0	0
21676	4.026187307123302	3.0	1
21677	2.384388629863212	2.0	0
21678	1.66360061728692	1.0	3
21679	5.093054705852297	5.0	1
21680	1.70872329568298	1.0	0
21681	1.9437231064274199	1.0	3
21682	1.1478096490319598	1.0	0
21683	1.05401201235797	1.0	0
21684	0.0	0.0	0
21685	0.8727594027529241	1.0	0
21686	0.0	0.0	0
21687	0.0	0.0	0
21688	1.9505618168911103	1.0	2
21689	0.0	0.0	0
21690	0.0	0.0	0
21691	1.3685053422604099	1.0	0
21692	6.475582623818065	5.0	1
21693	2.97039432695554	2.0	2
21694	1.14730284483245	1.0	0
21695	0.0	0.0	0
21696	0.0	0.0	0
21697	0.0	0.0	0
21698	0.0	0.0	0
21699	0.0	0.0	0
21700	1.07075419350105	1.0	1
21701	0.938670607702467	1.0	0
21702	1.4285008582181102	1.0	1
21703	0.598235414878654	1.0	0
21704	1.1410233893476	1.0	0
21705	1.8470399914865698	2.0	1
21706	0.58823356648258	1.0	0
21707	0.0	0.0	3
21708	1.7639038837187688	2.0	2
21709	1.7639038837187688	2.0	1
21710	1.75128291010178	1.0	2
21711	0.0	0.0	0
21712	0.0	0.0	0
21713	0.0	0.0	0
21714	0.0	0.0	0
21715	1.54648849745577	1.0	1
21716	1.70872329568298	1.0	1
21717	0.0	0.0	0
21718	1.4285008582181102	1.0	0
21719	5.1869840962593	4.0	3
21720	0.0	0.0	3
21721	0.0	0.0	0
21722	0.0	0.0	0
21723	0.0	0.0	0
21724	0.0	0.0	1
21725	4.153339154583927	4.0	3
21726	2.330247672460837	3.0	1
21727	0.704772046906759	1.0	0
21728	0.0	0.0	0
21729	1.68625043983093	1.0	2
21730	2.425291356717313	3.0	1
21731	1.166484931713323	2.0	0
21732	1.17876371733045	1.0	0
21733	1.17876371733045	1.0	0
21734	0.0	0.0	0
21735	0.0	0.0	0
21736	3.022325077065574	3.0	3
21737	2.841318565898768	2.0	1
21738	0.0	0.0	1
21739	0.0	0.0	0
21740	1.5952786616252	1.0	0
21741	1.1534459093461598	1.0	0
21742	2.133538931881127	2.0	0
21743	0.872033449907975	1.0	0
21744	0.0	0.0	0
21745	0.0	0.0	0
21746	0.0	0.0	0
21747	1.5727367235307	1.0	3
21748	1.2588064250039899	1.0	1
21749	0.0	0.0	0
21750	2.228999693739552	2.0	0
21751	0.0	0.0	0
21752	0.6160942346868089	1.0	0
21753	0.0	0.0	2
21754	0.0	0.0	0
21755	6.87784922754984	4.0	2
21756	1.519094543913499	2.0	2
21757	1.519094543913499	2.0	0
21758	1.9437231064274199	1.0	0
21759	1.68625043983093	1.0	3
21760	0.0	0.0	1
21761	0.0	0.0	0
21762	0.704772046906759	1.0	0
21763	1.8230914821230901	1.0	0
21764	0.0	0.0	0
21765	0.0	0.0	1
21766	0.816807573563366	1.0	0
21767	0.0	0.0	0
21768	1.6642715331121498	1.0	1
21769	0.0	0.0	0
21770	2.818719015102241	3.0	0
21771	0.659185302454865	1.0	0
21772	1.1478096490319598	1.0	0
21773	1.10465574517673	1.0	1
21774	0.7448677809949871	1.0	0
21775	0.7448677809949871	1.0	0
21776	1.9437231064274199	1.0	2
21777	0.603529518499451	1.0	0
21778	0.0	0.0	0
21779	0.0	0.0	0
21780	0.0	0.0	2
21781	0.649040853383092	1.0	1
21782	0.0	0.0	0
21783	0.0	0.0	0
21784	1.3685053422604099	1.0	2
21785	1.5687306461894899	1.0	3
21786	3.52068425175342	2.0	3
21787	0.704772046906759	1.0	0
21788	0.6208587937986569	1.0	2
21789	0.0	0.0	1
21790	1.8486246724683701	1.0	2
21791	0.0	0.0	0
21792	0.0	0.0	0
21793	0.0	0.0	0
21794	0.0	0.0	0
21795	0.0	0.0	0
21796	1.8486246724683701	1.0	0
21797	0.0	0.0	0
21798	0.0	0.0	0
21799	6.13876410702011	4.0	1
21800	4.49696542976002	3.0	1
21801	0.0	0.0	3
21802	0.0	0.0	0
21803	0.0	0.0	0
21804	0.704772046906759	1.0	0
21805	0.0	0.0	1
21806	0.0	0.0	0
21807	2.742997202052967	2.0	0
21808	0.7992740956255471	1.0	0
21809	1.9437231064274199	1.0	1
21810	0.0	0.0	0
21811	0.0	0.0	0
21812	0.0	0.0	0
21813	0.0	0.0	0
21814	0.0	0.0	0
21815	1.2588064250039899	1.0	0
21816	2.9453219410458797	2.0	1
21817	1.3500432794206798	1.0	0
21818	0.635237767485067	1.0	0
21819	0.635237767485067	1.0	0
21820	0.0	0.0	0
21821	0.0	0.0	0
21822	0.0	0.0	0
21823	6.053606298679811	4.0	1
21824	1.1410233893476	1.0	0
21825	1.943223315135203	2.0	0
21826	0.0	0.0	0
21827	0.0	0.0	0
21828	0.0	0.0	0
21829	0.0	0.0	1
21830	1.00749199672308	1.0	0
21831	1.205907345879155	2.0	0
21832	0.0	0.0	0
21833	0.0	0.0	0
21834	1.64179867726009	1.0	1
21835	0.0	0.0	0
21836	0.0	0.0	0
21837	2.752761742678713	2.0	0
21838	0.8021999257876029	1.0	0
21839	1.66360061728692	1.0	2
21840	0.853341316895822	1.0	0
21841	0.0	0.0	0
21842	0.0	0.0	0
21843	0.0	0.0	0
21844	0.0	0.0	0
21845	0.649040853383092	1.0	0
21846	1.2588064250039899	1.0	0
21847	0.0	0.0	0
21848	0.0	0.0	2
21849	1.75128291010178	1.0	2
21850	0.0	0.0	0
21851	0.0	0.0	1
21852	1.68625043983093	1.0	0
21853	0.0	0.0	0
21854	3.30400195730818	2.0	0
21855	0.0	0.0	0
21856	0.0	0.0	0
21857	1.66360061728692	1.0	1
21858	2.2433279075855426	2.0	1
21859	0.8021999257876029	1.0	1
21860	2.39244970705397	2.0	0
21861	1.13364328204998	1.0	0
21862	3.53021146041101	2.0	2
21863	1.5796496435199	1.0	1
21864	1.8486246724683701	1.0	0
21865	6.90867979845665	4.0	3
21866	0.0	0.0	0
21867	0.704772046906759	1.0	0
21868	0.0	0.0	1
21869	0.0	0.0	1
21870	0.0	0.0	1
21871	1.1410233893476	1.0	0
21872	0.0	0.0	1
21873	0.0	0.0	0
21874	0.0	0.0	2
21875	0.0	0.0	0
21876	0.0	0.0	0
21877	3.413050870762052	3.0	3
21878	1.5899593886389618	2.0	1
21879	3.04348497384414	2.0	2
21880	0.0	0.0	0
21881	0.649040853383092	1.0	1
21882	0.0	0.0	0
21883	1.70872329568298	1.0	0
21884	1.68625043983093	1.0	2
21885	1.07075419350105	1.0	0
21886	1.68625043983093	1.0	1
21887	1.68625043983093	1.0	1
21888	0.0	0.0	0
21889	0.0	0.0	0
21890	0.0	0.0	1
21891	0.0	0.0	0
21892	0.0	0.0	0
21893	0.0	0.0	0
21894	0.0	0.0	0
21895	1.16349624519966	1.0	0
21896	3.27889371242029	2.0	3
21897	0.0	0.0	0
21898	0.0	0.0	1
21899	0.0	0.0	0
21900	1.9437231064274199	1.0	0
21901	0.649040853383092	1.0	0
21902	1.2588064250039899	1.0	2
21903	0.0	0.0	0
21904	0.0	0.0	0
21905	0.0	0.0	0
21906	2.1844944454851927	2.0	0
21907	0.0	0.0	0
21908	0.0	0.0	0
21909	0.0	0.0	0
21910	1.7978029257366699	1.0	0
21911	0.0	0.0	0
21912	0.0	0.0	0
21913	0.0	0.0	0
21914	0.6580325645750561	1.0	0
21915	0.6580325645750561	1.0	0
21916	6.81293196124393	4.0	3
21917	1.5687306461894899	1.0	3
21918	0.871040893995223	1.0	0
21919	2.661782640837551	2.0	3
21920	0.0	0.0	0
21921	0.0	0.0	0
21922	1.70872329568298	1.0	0
21923	1.70872329568298	1.0	0
21924	2.8570017164362205	2.0	3
21925	0.538260270255927	1.0	0
21926	1.5989446846694357	2.0	2
21927	0.0	0.0	0
21928	0.522174132504302	1.0	0
21929	0.0	0.0	0
21930	2.509222131204422	2.0	1
21931	0.0	0.0	0
21932	2.522648330324033	3.0	1
21933	2.522648330324033	3.0	0
21934	0.0	0.0	2
21935	0.0	0.0	0
21936	1.54648849745577	1.0	0
21937	0.0	0.0	0
21938	0.0	0.0	0
21939	0.0	0.0	0
21940	0.0	0.0	0
21941	0.642518249969653	1.0	2
21942	0.704772046906759	1.0	0
21943	1.07075419350105	1.0	0
21944	1.9505618168911103	1.0	2
21945	1.9505618168911103	1.0	3
21946	0.0	0.0	0
21947	4.42596019129654	3.0	3
21948	2.4765147385398203	2.0	3
21949	0.0	0.0	0
21950	0.9303023580319509	1.0	0
21951	0.9303023580319509	1.0	0
21952	0.0	0.0	0
21953	0.0	0.0	0
21954	2.9238161289623856	2.0	1
21955	1.901441842906355	2.0	0
21956	0.760418453558755	1.0	0
21957	1.64179867726009	1.0	1
21958	1.1410233893476	1.0	3
21959	0.0	0.0	1
21960	1.95195360556393	1.0	1
21961	0.0	0.0	0
21962	3.20869177750385	2.0	0
21963	1.990787564765061	3.0	0
21964	1.990787564765061	3.0	0
21965	0.0	0.0	0
21966	0.704772046906759	1.0	0
21967	0.649040853383092	1.0	0
21968	2.580670985975106	2.0	0
21969	2.96926734058551	2.0	3
21970	0.0	0.0	0
21971	0.0	0.0	0
21972	0.0	0.0	0
21973	1.3685053422604099	1.0	2
21974	0.0	0.0	0
21975	0.0	0.0	0
21976	2.933151085272486	3.0	0
21977	0.0	0.0	0
21978	0.0	0.0	1
21979	0.0	0.0	0
21980	1.1478096490319598	1.0	0
21981	0.531231274574177	1.0	0
21982	1.75128291010178	1.0	0
21983	0.0	0.0	2
21984	1.9437231064274199	1.0	0
21985	1.07075419350105	1.0	0
21986	0.0	0.0	0
21987	1.95195360556393	1.0	0
21988	1.1478096490319598	1.0	0
21989	0.760418453558755	1.0	0
21990	0.0	0.0	0
21991	3.27889371242029	2.0	0
21992	1.54648849745577	1.0	0
21993	1.6780730973008922	2.0	3
21994	3.6234907318850422	3.0	3
21995	0.0	0.0	0
21996	0.740863333469132	1.0	0
21997	3.7313384065823874	3.0	1
21998	2.1517890468657344	2.0	0
21999	0.0	0.0	3
22000	0.0	0.0	2
22001	0.0	0.0	2
22002	2.30906809811492	2.0	2
22003	2.901521610338231	2.0	2
22004	0.0	0.0	0
22005	1.2588064250039899	1.0	3
22006	0.0	0.0	2
22007	1.46902274181674	1.0	3
22008	3.4184681945734603	2.0	2
22009	0.0	0.0	0
22010	0.0	0.0	3
22011	1.905190541674835	2.0	0
22012	0.0	0.0	0
22013	0.0	0.0	0
22014	1.64179867726009	1.0	1
22015	0.0	0.0	0
22016	0.53175769276836	1.0	0
22017	0.0	0.0	0
22018	3.5927235308930703	2.0	3
22019	1.7696320487699801	1.0	1
22020	0.0	0.0	0
22021	2.520363883379863	2.0	0
22022	0.0	0.0	1
22023	1.434291282643029	2.0	0
22024	0.0	0.0	0
22025	0.0	0.0	0
22026	2.552974971256171	2.0	3
22027	0.603529518499451	1.0	3
22028	1.07075419350105	1.0	0
22029	1.70872329568298	1.0	0
22030	2.5224090222714657	2.0	2
22031	1.2588064250039899	1.0	3
22032	1.8230914821230901	1.0	1
22033	0.0	0.0	0
22034	0.0	0.0	0
22035	0.0	0.0	0
22036	1.4285008582181102	1.0	0
22037	0.0	0.0	0
22038	0.0	0.0	1
22039	0.0	0.0	0
22040	0.575511540887053	1.0	0
22041	0.853341316895822	1.0	0
22042	1.64179867726009	1.0	2
22043	0.0	0.0	1
22044	0.0	0.0	0
22045	0.0	0.0	0
22046	0.0	0.0	0
22047	0.0	0.0	1
22048	0.0	0.0	0
22049	0.0	0.0	0
22050	0.0	0.0	0
22051	1.4285008582181102	1.0	0
22052	4.139252457266282	3.0	0
22053	0.709023557984803	1.0	0
22054	1.2588064250039899	1.0	2
22055	0.0	0.0	0
22056	0.0	0.0	0
22057	5.075596142542757	4.0	3
22058	0.0	0.0	0
22059	2.763444176008542	2.0	3
22060	2.27719263298772	2.0	3
22061	1.1478096490319598	1.0	2
22062	2.4939197377506837	2.0	3
22063	3.7527261627546737	3.0	2
22064	0.0	0.0	0
22065	1.75128291010178	1.0	3
22066	1.1106762329583102	1.0	0
22067	0.0	0.0	0
22068	0.0	0.0	0
22069	0.0	0.0	0
22070	1.66360061728692	1.0	2
22071	0.0	0.0	0
22072	0.0	0.0	0
22073	1.9505618168911103	1.0	2
22074	0.0	0.0	0
22075	3.7007283628585	2.0	0
22076	1.75128291010178	1.0	0
22077	0.0	0.0	0
22078	1.9437231064274199	1.0	2
22079	2.0646812046608876	2.0	1
22080	0.8058747796568979	1.0	0
22081	0.0	0.0	0
22082	2.061006350791593	2.0	3
22083	0.8021999257876029	1.0	2
22084	1.54648849745577	1.0	1
22085	0.0	0.0	0
22086	1.2588064250039899	1.0	0
22087	0.0	0.0	2
22088	2.714727575979758	2.0	3
22089	1.1410233893476	1.0	0
22090	0.0	0.0	0
22091	1.94541763458415	1.0	0
22092	0.0	0.0	0
22093	1.70872329568298	1.0	0
22094	0.0	0.0	0
22095	1.70872329568298	1.0	1
22096	1.3685053422604099	1.0	1
22097	0.649040853383092	1.0	0
22098	2.5927639598105117	2.0	0
22099	0.0	0.0	1
22100	3.4829374620571603	2.0	2
22101	1.2588064250039899	1.0	2
22102	0.0	0.0	0
22103	0.0	0.0	0
22104	0.0	0.0	1
22105	0.0	0.0	0
22106	0.0	0.0	0
22107	3.14271278562898	2.0	0
22108	3.029498529260994	3.0	0
22109	0.0	0.0	0
22110	1.17876371733045	1.0	0
22111	1.17876371733045	1.0	0
22112	0.0	0.0	2
22113	1.1534459093461598	1.0	0
22114	0.0	0.0	0
22115	1.16349624519966	1.0	2
22116	1.94944545275672	1.0	0
22117	0.0	0.0	0
22118	0.0	0.0	3
22119	0.0	0.0	1
22120	1.70872329568298	1.0	0
22121	0.0	0.0	0
22122	0.0	0.0	0
22123	0.553236724445484	1.0	1
22124	0.704772046906759	1.0	0
22125	1.8457954362543592	2.0	0
22126	0.649040853383092	1.0	0
22127	0.53175769276836	1.0	0
22128	2.4446707188569663	2.0	1
22129	0.6215792367338759	1.0	1
22130	0.0	0.0	2
22131	0.0	0.0	0
22132	2.279459061291081	2.0	0
22133	0.0	0.0	0
22134	0.871040893995223	1.0	1
22135	0.0	0.0	1
22136	0.0	0.0	0
22137	0.0	0.0	2
22138	1.68315213638145	2.0	0
22139	2.6922561133662852	2.0	3
22140	0.741694296475175	1.0	1
22141	0.0	0.0	0
22142	0.0	0.0	0
22143	1.66360061728692	1.0	3
22144	1.66360061728692	1.0	3
22145	1.01194634707246	1.0	2
22146	0.0	0.0	0
22147	0.0	0.0	0
22148	1.16349624519966	1.0	0
22149	3.1882871747158603	2.0	2
22150	1.54648849745577	1.0	0
22151	1.2588064250039899	1.0	0
22152	3.1793185047331	2.0	1
22153	1.5375198274730102	1.0	0
22154	4.088651249008706	4.0	1
22155	0.6160942346868089	1.0	0
22156	0.0	0.0	0
22157	0.0	0.0	0
22158	0.0	0.0	0
22159	3.334172529764891	3.0	3
22160	0.565659244444041	1.0	2
22161	3.370697530607932	3.0	2
22162	1.547606048484842	2.0	2
22163	0.0	0.0	0
22164	0.816807573563366	1.0	0
22165	1.8486246724683701	1.0	0
22166	0.0	0.0	0
22167	0.0	0.0	0
22168	1.4411279817979399	1.0	0
22169	0.760418453558755	1.0	2
22170	0.0	0.0	0
22171	1.75128291010178	1.0	3
22172	1.9341645867044508	2.0	0
22173	1.95195360556393	1.0	2
22174	1.01194634707246	1.0	0
22175	0.0	0.0	0
22176	3.9266662550002964	3.0	3
22177	1.4411279817979399	1.0	2
22178	0.0	0.0	0
22179	0.0	0.0	0
22180	0.0	0.0	0
22181	0.0	0.0	0
22182	0.0	0.0	0
22183	0.0	0.0	0
22184	0.0	0.0	0
22185	0.0	0.0	0
22186	1.9505618168911103	1.0	2
22187	0.0	0.0	0
22188	1.3685053422604099	1.0	0
22189	4.30308545697746	3.0	3
22190	0.0	0.0	0
22191	0.704772046906759	1.0	0
22192	0.7623695386900949	1.0	0
22193	0.0	0.0	0
22194	0.9083234513131752	1.0	0
22195	0.0	0.0	0
22196	0.0	0.0	0
22197	0.971124352552206	1.0	0
22198	1.64179867726009	1.0	1
22199	0.0	0.0	0
22200	0.0	0.0	0
22201	0.0	0.0	0
22202	0.524837249923786	1.0	0
22203	1.66360061728692	1.0	2
22204	1.94944545275672	1.0	3
22205	1.1410233893476	1.0	0
22206	0.0	0.0	0
22207	4.934623219997101	4.0	1
22208	0.0	0.0	0
22209	1.5952786616252	1.0	0
22210	1.43207814627802	1.0	2
22211	3.07387682353811	2.0	1
22212	1.4285008582181102	1.0	1
22213	0.0	0.0	0
22214	0.5938301214107379	1.0	0
22215	0.759815258884999	1.0	1
22216	0.759815258884999	1.0	0
22217	3.7007283628585	2.0	3
22218	1.75128291010178	1.0	1
22219	0.6160942346868089	1.0	2
22220	0.0	0.0	0
22221	2.195529350838862	2.0	0
22222	1.1410233893476	1.0	1
22223	0.0	0.0	0
22224	2.150368954720005	2.0	2
22225	1.64179867726009	1.0	0
22226	0.0	0.0	0
22227	2.31832346689027	2.0	2
22228	0.0	0.0	0
22229	0.0	0.0	0
22230	1.5952786616252	1.0	0
22231	1.8486246724683701	1.0	0
22232	0.0	0.0	0
22233	0.0	0.0	0
22234	0.0	0.0	0
22235	0.649040853383092	1.0	0
22236	0.0	0.0	0
22237	1.07075419350105	1.0	2
22238	0.0	0.0	0
22239	0.0	0.0	0
22240	3.30062519789172	2.0	2
22241	1.75128291010178	1.0	3
22242	0.0	0.0	0
22243	1.75128291010178	1.0	3
22244	0.0	0.0	0
22245	0.0	0.0	0
22246	0.0	0.0	0
22247	0.0	0.0	0
22248	1.07075419350105	1.0	3
22249	1.8230914821230901	1.0	0
22250	1.07075419350105	1.0	0
22251	1.3685053422604099	1.0	0
