id	score	intensity
40000	0.418314503271639	3
40001	0.31584422521239003	3
40002	0.31584422521239003	3
40003	0.41298115729627705	3
40004	0.8130820431327571	3
40005	0.863635933366928	3
40006	0.0	3
40007	0.0634555287672969	3
40008	0.6799559143310203	3
40009	0.230207009410641	3
40010	0.6553574564083351	3
40011	0.0	3
40012	0.0	3
40013	0.0	3
40014	0.374525065484925	3
40015	0.0	3
40016	0.1030990239606632	3
40017	0.20179701407502104	3
40018	0.0243469212173618	3
40019	0.49457102320617646	3
40020	0.26691485681627103	3
40021	0.418314503271639	3
40022	1.7833611087174608	3
40023	0.38057533432676793	3
40024	0.255957681529777	3
40025	0.9208504288016199	3
40026	0.8214318850615541	3
40027	0.0775884144625327	3
40028	1.147247242137865	3
40029	1.4200251629623177	3
40030	1.2666987108639607	3
40031	0.167987018241232	3
40032	1.397123160115461	3
40033	1.2786993523443124	3
40034	0.5966585234319854	3
40035	0.7950895844446608	3
40036	0.137543308359705	3
40037	1.511553371957879	3
40038	0.0146335169569763	3
40039	0.006775281792961591	3
40040	1.26763927252301	3
40041	0.264221164335113	3
40042	0.0	3
40043	0.60780830418779	3
40044	0.0	3
40045	0.7554040683839319	3
40046	0.0387310685360368	3
40047	0.44250431929048906	3
40048	0.0	3
40049	1.0592319830485248	3
40050	0.2919613916486082	3
40051	0.0	3
40052	1.267132318582448	3
40053	1.5648213552930705	3
40054	0.0	3
40055	0.0	3
40056	0.3515838793343689	3
40057	0.43768316071367	3
40058	0.0	3
40059	0.374823495894529	3
40060	0.22440533130529697	3
40061	0.8583508296901139	3
40062	1.0676237785481923	3
40063	0.2016536839047784	3
40064	0.0	3
40065	1.4368660635107018	3
40066	1.2838779045750808	3
40067	0.0	3
40068	0.0852307750405786	3
40069	0.26298388230453196	3
40070	1.0969168375033078	3
40071	0.0	3
40072	0.3747530331168971	3
40073	0.513624683075964	3
40074	0.34001266947595804	3
40075	1.282498646648783	3
40076	0.0	3
40077	0.16650843550827144	3
40078	0.2474881966126392	3
40079	0.5995359752327445	3
40080	0.0697920101271379	3
40081	0.10547207444272769	3
40082	0.0697920101271379	3
40083	1.1449997790039297	3
40084	0.9905487551662729	3
40085	0.0	3
40086	1.1892063738481324	3
40087	0.3046555032730027	3
40088	0.582637332622843	3
40089	0.39552613641957246	3
40090	0.0	3
40091	0.0	3
40092	0.6948446327752282	3
40093	0.6506984674905009	3
40094	0.0044739486074150256	3
40095	0.0	3
40096	0.255957681529777	3
40097	1.906511566079896	3
40098	0.398173859942174	3
40099	0.38057533432676793	3
40100	1.9908861519044754	3
40101	0.0	3
40102	0.49891677502787807	3
40103	0.0	3
40104	0.7077864495941595	3
40105	0.3267113017757316	3
40106	0.0	3
40107	0.8652163817835511	3
40108	0.8994072272292144	3
40109	0.41501237592312196	3
40110	0.5943811231819269	3
40111	0.0516376828033193	3
40112	0.045278055037858	3
40113	3.4032270243208056	3
40114	0.5550785910053151	3
40115	0.0	3
40116	2.0600082085242906	3
40117	0.0058807258473814895	3
40118	0.634008500432405	3
40119	0.0	3
40120	0.788927925756977	3
40121	0.804283608419838	3
40122	0.441968694169529	3
40123	0.6126998469676085	3
40124	0.108374651858617	3
40125	0.0	3
40126	0.25126041860847304	3
40127	0.11271897285128599	3
40128	0.0335562672140878	3
40129	0.12158259529993999	3
40130	0.0880728164010623	3
40131	2.080653504088432	3
40132	0.0	3
40133	0.0	3
40134	0.819102582005848	3
40135	1.3990664401418622	3
40136	0.7925314919427411	3
40137	0.8684749615533309	3
40138	0.7456657142852889	3
40139	0.8454318580501979	3
40140	0.36229596650156	3
40141	0.7432933754337128	3
40142	0.0	3
40143	0.0880728164010623	3
40144	0.0	3
40145	0.0	3
40146	0.0	3
40147	3.7044092981585854	3
40148	0.389462908288876	3
40149	0.2509407704695349	2
40150	0.623887371550619	2
40151	0.6511775567403965	2
40152	2.8960513361887688	2
40153	0.298513303459018	2
40154	0.0516376828033193	2
40155	1.473402413551598	2
40156	0.34073715851536795	2
40157	0.0	2
40158	0.39433874001922836	2
40159	0.115640263782207	2
40160	0.35781683589174373	2
40161	0.0	2
40162	0.582617554562916	2
40163	1.0399847438084726	2
40164	2.0008894926391654	2
40165	1.6691978049469598	2
40166	0.48368708015823697	2
40167	0.850862544877788	2
40168	0.255262163835689	2
40169	0.0	2
40170	0.824118247274953	2
40171	0.0	2
40172	0.0	2
40173	0.304893107852948	2
40174	0.303904152093895	2
40175	0.164111676150932	2
40176	0.44239783816867706	2
40177	0.4112559364226016	2
40178	1.7207000602949691	2
40179	0.42763180115557975	2
40180	0.7950523614415944	2
40181	0.0	2
40182	0.299781891972231	2
40183	0.045278055037858	2
40184	0.6700876471569189	2
40185	1.1359934736768023	2
40186	0.8794701886492682	2
40187	0.164111676150932	2
40188	1.9292810476154316	2
40189	0.0217197898771277	2
40190	0.0	2
40191	0.7904080539734849	2
40192	0.5386906758990271	2
40193	1.4924876151721977	2
40194	0.2380706945729432	2
40195	0.21912853335653149	2
40196	1.2133703347247304	2
40197	0.0039762224829881605	2
40198	0.0630391396873302	2
40199	0.34184140128798346	2
40200	0.5974185283551573	2
40201	1.281083567155015	2
40202	0.3576840700841269	2
40203	0.37505841056631095	2
40204	0.1987855053435595	2
40205	1.970392157912064	2
40206	0.24838426353183912	2
40207	3.0976941920166094	2
40208	1.7111205161720666	2
40209	0.27809909021854495	2
40210	0.0058807258473814895	2
40211	0.784603914799461	2
40212	1.1024113461824467	2
40213	0.0	2
40214	0.682769753267785	2
40215	0.3585312642878941	2
40216	0.0	2
40217	0.0036665419675759297	2
40218	0.0775884144625327	2
40219	0.21399968195326308	2
40220	2.113251810493796	2
40221	1.931448129612296	2
40222	0.819102582005848	2
40223	1.1520983182844402	2
40224	0.0	2
40225	1.6459639809190332	2
40226	0.7984184889674399	2
40227	0.30213174898172995	2
40228	1.422810154138	2
40229	1.494920103945551	2
40230	0.606715106141976	2
40231	0.861380522808445	2
40232	0.314135322659644	2
40233	0.0	2
40234	0.12158259529993999	2
40235	0.14014140380642734	2
40236	0.001014937516472	2
40237	0.0	2
40238	0.6298238351436769	2
40239	0.15437241812293098	2
40240	0.0	2
40241	0.26368212930400914	2
40242	0.112557282534871	2
40243	0.5017727016760081	2
40244	0.35324511265909114	2
40245	0.5027577858115022	2
40246	0.27828489283476693	2
40247	0.0655570162068168	2
40248	3.472991258551274	2
40249	0.289508694204183	2
40250	1.705303285914462	2
40251	1.1015707451493841	2
40252	0.34569673561318137	2
40253	1.165852299385262	2
40254	0.00294480946185849	2
40255	0.38614605428279297	2
40256	0.5290167386654899	2
40257	1.870310890967951	2
40258	0.395976220448961	2
40259	0.9013776432118545	2
40260	0.998168345514478	2
40261	0.729389558922225	2
40262	3.466428366722802	2
40263	0.49580281387365605	2
40264	0.512027602484401	2
40265	0.667612424529585	2
40266	0.4599585311929859	2
40267	0.0	2
40268	0.125289088915066	2
40269	1.2001823248237078	2
40270	0.42358812503867804	2
40271	0.34184140128798346	2
40272	1.501432708922446	2
40273	0.0	2
40274	0.0	2
40275	0.5190452245738402	2
40276	1.9455162906989198	2
40277	0.0	2
40278	2.470576093963124	2
40279	0.26691485681627103	2
40280	0.2850556761956875	2
40281	0.633084657685768	2
40282	1.2471702522093029	2
40283	0.0176455674269679	2
40284	0.11279756318382402	2
40285	2.331289714676114	2
40286	2.3049662592340607	2
40287	0.7511362327308391	2
40288	0.3267113017757316	2
40289	0.0	2
40290	0.189128637501467	2
40291	1.21547813536694	2
40292	0.0	2
40293	0.474531944787554	2
40294	0.31254084982648606	2
40295	0.46970474906708093	2
40296	0.0	2
40297	0.347936633527639	2
40298	0.946602243972461	2
40299	0.0	2
40300	1.433433034856927	2
40301	0.0	2
40302	1.6334532098891372	2
40303	0.0842586995620548	2
40304	1.7093129670909388	2
40305	0.5217281618110001	2
40306	0.921069747510397	2
40307	2.2767590836567453	2
40308	0.4972822064332546	2
40309	1.1047510010392518	2
40310	2.364918056431563	2
40311	1.095472083559005	2
40312	0.746256281850944	2
40313	0.44239783816867706	2
40314	0.40511632924311003	2
40315	1.082701767061325	2
40316	0.7526745134800215	2
40317	0.4905157316868781	2
40318	0.6174663855666418	2
40319	1.3686298901072453	2
40320	0.9841991531607194	2
40321	0.608123452373323	2
40322	0.61660042334331	2
40323	0.49891677502787807	2
40324	0.387125382081971	2
40325	0.0	2
40326	0.4043060685067219	2
40327	0.4415203628066691	2
40328	0.668115846393063	2
40329	0.1725713984671023	2
40330	0.5043173894802652	2
40331	0.473273387552397	2
40332	1.3001489344354138	2
40333	0.0	2
40334	1.4888222380480751	2
40335	0.0	2
40336	0.19223155328187197	2
40337	0.411601372348995	2
40338	0.26691485681627103	1
40339	1.1196550962322618	1
40340	0.31880987960008556	1
40341	0.273570659613438	1
40342	0.0	1
40343	0.6200388889603101	1
40344	0.0	1
40345	0.2241141403132414	1
40346	0.0	1
40347	0.45906884502748196	1
40348	1.3941743864971894	1
40349	2.1743212675167345	1
40350	0.5353444221398189	1
40351	0.0436210538302285	1
40352	1.1958890408931833	1
40353	0.0967666852747549	1
40354	0.112557282534871	1
40355	0.5448973582103246	1
40356	0.0198920206208961	1
40357	0.7054672137441549	1
40358	0.304893107852948	1
40359	1.25564401808287	1
40360	3.037430648220079	1
40361	1.0592319830485248	1
40362	0.711929170880019	1
40363	0.635207278375904	1
40364	0.155258049158827	1
40365	0.462200797485192	1
40366	0.579718592758252	1
40367	0.8316491025202329	1
40368	0.5805395689293952	1
40369	0.0	1
40370	2.035699624943519	1
40371	0.8652163817835511	1
40372	0.22046361316175256	1
40373	0.20479378613120702	1
40374	0.7718614518430981	1
40375	0.0	1
40376	0.8813714806804951	1
40377	0.2006340861096691	1
40378	0.634985540080231	1
40379	0.12158259529993999	1
40380	0.7402033656600089	1
40381	0.7812005734257045	1
40382	0.7327611254342907	1
40383	0.656855365584797	1
40384	0.2980580518224893	1
40385	0.0	1
40386	1.2838779045750808	1
40387	0.22210383431701702	1
40388	2.176386512954509	1
40389	0.10555276759864379	1
40390	0.158668567892424	1
40391	0.3092219870719619	1
40392	0.934402167684324	1
40393	0.23263159877498002	1
40394	0.706961819665585	1
40395	0.7656203301285566	1
40396	0.8199823684547485	1
40397	1.383085864076355	1
40398	0.0189284412398571	1
40399	0.45363065406456893	1
40400	0.4971814961635425	1
40401	1.059667042088282	1
40402	0.00165685473119634	1
40403	0.189128637501467	1
40404	0.0	1
40405	0.7259101782713686	1
40406	1.402296240015965	1
40407	0.88454976153285	1
40408	0.49020173136133177	1
40409	0.20479378613120702	1
40410	0.729839112711264	1
40411	1.049258119222016	1
40412	1.4924876151721977	1
40413	0.43835797156969636	1
40414	0.1649915029443326	1
40415	0.0	1
40416	0.824215724758784	1
40417	0.6297568598357269	1
40418	0.49600802752363315	1
40419	2.312969464391906	1
40420	1.3267658962507172	1
40421	0.17345029019064695	1
40422	1.195176800549091	1
40423	1.510167655097992	1
40424	0.2331148547463791	1
40425	1.0846871839454195	1
40426	0.158668567892424	1
40427	0.928939969868132	1
40428	0.164111676150932	1
40429	0.3266835014100491	1
40430	0.6066159954414211	1
40431	0.0	1
40432	0.387125382081971	1
40433	0.2427888985542247	1
40434	1.489504632054077	1
40435	0.0	1
40436	0.5580152636852209	1
40437	1.054233204609386	1
40438	1.2211243882540022	1
40439	0.07742206147948169	1
40440	0.32008536433293994	1
40441	0.8813857821733619	1
40442	0.11817121038204599	1
40443	0.11699623995990677	1
40444	1.357490455998844	1
40445	0.0	1
40446	0.0	1
40447	1.258941141462319	1
40448	0.40747106220474794	1
40449	0.513624683075964	1
40450	0.37764796537923195	1
40451	0.164111676150932	1
40452	0.3023592777600982	1
40453	1.2377077579388192	1
40454	0.8314725463853536	1
40455	0.2601760481510084	1
40456	0.0	1
40457	0.2864516553168507	1
40458	1.2204463257409441	1
40459	0.0	1
40460	0.0	1
40461	0.6487771648447643	1
40462	0.0892910906634169	1
40463	0.989153487460806	1
40464	0.0	1
40465	0.331303126282009	1
40466	0.0	1
40467	0.26691485681627103	1
40468	0.714547249560876	1
40469	1.0816087206819	1
40470	1.7093129670909388	1
40471	1.55108767509691	1
40472	0.000807406639839096	1
40473	1.4435754196775805	1
40474	1.524444990748778	1
40475	0.5995359752327445	0
40476	0.007723444920651441	0
40477	1.096101501589108	0
40478	1.0822494312734159	0
40479	1.2376247339288171	0
40480	0.0	0
40481	0.43001591931744804	0
40482	0.0	0
40483	0.0	0
40484	0.225661751192482	0
40485	1.6907750853144952	0
40486	0.0	0
40487	2.0439720459592765	0
40488	0.6166991393576022	0
40489	0.0	0
40490	0.0	0
40491	0.8306711098414618	0
40492	0.0944990781379526	0
40493	0.0	0
40494	0.3982608954899919	0
40495	0.06831283597316445	0
40496	0.112557282534871	0
40497	0.8469376762262221	0
40498	0.126207644839503	0
40499	0.5254384135277859	0
40500	1.179941424959127	0
40501	0.0790514908097291	0
40502	0.427839913067427	0
40503	3.045921601114895	0
40504	0.37505841056631095	0
40505	1.10164740458595	0
40506	1.3198307089667147	0
40507	0.6806866924455159	0
40508	1.6631769949811872	0
40509	0.1056428518121163	0
40510	0.868449191481699	0
40511	0.5222283845472967	0
40512	1.307571450020831	0
40513	1.201227986683381	0
40514	2.056256717430786	0
40515	0.00106143941143265	0
40516	0.40012256466626167	0
40517	0.0	0
40518	1.7314688444454407	0
40519	1.0796554491511585	0
40520	0.8264781021632409	0
40521	0.26658274195110815	0
40522	0.0	0
40523	0.0	0
40524	1.2626023924370209	0
40525	0.45586144373135457	0
40526	2.077545995847415	0
40527	2.5830803350142517	0
40528	0.0	0
40529	0.7427096628499339	0
40530	0.0	0
40531	0.47639808925467747	0
40532	0.358187469081343	0
40533	0.0804996842155944	0
40534	0.500379456325943	0
40535	0.1844375961839099	0
40536	0.37506010663911	0
40537	0.112557282534871	0
40538	0.9855365496765549	0
40539	0.001014937516472	0
40540	0.0630391396873302	0
40541	0.5967430735525587	0
40542	0.8794701886492682	0
40543	0.6974528457407729	0
40544	0.9464580972003809	0
40545	0.466187005959225	0
40546	0.00106143941143265	0
40547	1.2056265143597311	0
40548	1.045369771571339	0
40549	0.5544466775962189	0
40550	0.7871428650451016	0
40551	1.5334866981618125	0
40552	0.541765663599223	0
40553	0.0	0
40554	0.146999408284064	0
40555	0.1960366902179693	0
40556	0.37506010663911	0
40557	0.723010330739487	0
40558	1.087299230426916	0
40559	0.430247492215153	0
40560	0.0	0
40561	0.370251659478936	0
40562	1.1136124705214139	0
40563	0.383946859767432	0
40564	1.6104450496338478	0
40565	0.1395246347124769	0
40566	0.5544466775962189	0
40567	1.501432708922446	0
40568	1.0816087206819	0
40569	0.303904152093895	0
40570	0.045278055037858	0
40571	0.5544466775962189	0
40572	0.293732691492228	0
40573	0.16852922585654612	0
40574	0.9674455123062998	0
40575	0.394045221559016	0
40576	0.486009267084494	0
40577	1.3001489344354138	0
40578	0.41172306958948496	0
40579	0.443376886449857	0
40580	0.33611709661016176	0
40581	0.0436210538302285	0
40582	0.26676460514443806	0
40583	0.7919252784950824	0
40584	0.37385150933682404	0
40585	0.37852387216008565	0
40586	0.411903901874274	0
40587	0.378705365176593	0
40588	2.064421575304609	0
40589	0.7305046812517111	0
40590	0.522830985649723	0
40591	0.37506010663911	0
40592	0.736768234390174	0
40593	0.736768234390174	0
40594	0.08450335034296041	0
40595	0.27016155381005097	0
40596	0.6294958143191517	0
40597	0.635610084703426	0
40598	0.0	0
40599	0.9512512159964022	0
40600	0.5800675129674726	0
40601	0.0	0
40602	0.308830270429951	0
40603	0.0697920101271379	0
40604	1.669048551165574	0
40605	0.314658384215231	0
40606	0.0	0
40607	0.7756384366843682	0
40608	0.6959492576861074	0
40609	0.08075854971547075	0
40610	0.5726083635524285	0
40611	0.7402033656600089	0
40612	0.0	0
40613	0.890287538959091	0
40614	0.653415957519165	0
40615	0.0	0
40616	1.083972145047065	0
40617	0.0436210538302285	0
40618	0.37506010663911	0
40619	1.319707084220321	0
40620	0.5544466775962189	0
40621	1.1116924145024114	0
40622	0.39472621038475997	0
40623	0.303904152093895	0
40624	0.4431061409390341	0
40625	0.25683309764352197	0
40626	0.0504625856469452	0
40627	0.2403696767825289	0
40628	0.43951671092224204	0
40629	0.7872256601328029	0
40630	0.0	0
40631	1.338964942028575	0
40632	1.593875465555344	0
40633	0.0	0
40634	0.5079757255206976	0
40635	1.0816087206819	0
40636	0.43325182546439	0
40637	0.7474967379845112	0
40638	0.527802753677197	0
40639	0.112557282534871	0
40640	0.0	0
40641	0.0	0
40642	0.0	0
40643	1.748359511223306	0
40644	0.9073627321552189	0
40645	0.39514175708711896	0
40646	0.634008500432405	0
40647	0.606080370320461	0
40648	0.0	0
40649	0.0436210538302285	0
40650	0.682701013119898	0
40651	0.177152446454751	0
40652	0.7124661030312931	0
40653	0.659736085109102	0
40654	0.112557282534871	0
40655	0.39927226680334227	0
40656	0.459817835974072	0
40657	0.4951165440576622	0
40658	0.7568905390633747	0
40659	0.235992946477685	0
40660	0.4284351865824711	0
40661	1.7092033907529978	0
40662	1.001028813901421	0
40663	0.513624683075964	0
40664	0.628141532321099	0
40665	0.0634555287672969	0
40666	0.0	0
40667	0.00106143941143265	0
40668	0.0	0
40669	0.0502217378615807	0
40670	0.27758575512070827	0
40671	0.751837855400671	0
40672	0.219482043621239	0
40673	0.442677041912446	0
40674	0.32955372202433186	0
40675	0.00106143941143265	0
40676	0.1645761691797111	0
40677	0.9724945663994723	0
40678	0.00106143941143265	0
40679	0.4557743324408159	0
40680	1.0816087206819	0
40681	0.6650383261611051	0
40682	0.0436210538302285	0
40683	0.339271295931186	0
40684	1.450450625499795	0
40685	1.10214309928728	0
40686	1.211220491198233	0
40687	2.360472099253121	0
40688	1.283143372196212	0
40689	0.38617821328329893	0
40690	0.000807406639839096	0
40691	0.28450986293025504	0
40692	0.0742214942789456	0
40693	0.12450569318521303	0
40694	0.18568173634438812	0
40695	0.3515838793343689	0
40696	1.2000182032782019	0
40697	1.344151846366849	0
40698	0.2286973998445099	0
40699	0.86880131896464	0
40700	0.2206228345238701	0
40701	0.16673417846508687	0
40702	0.33371174578447355	0
40703	0.221714274514662	0
40704	0.0	0
40705	0.101515032249131	0
40706	1.123758150128831	0
40707	0.3747530331168971	0
40708	0.40541109843573103	0
40709	0.11271897285128599	0
40710	0.156099037256919	0
40711	0.303904152093895	0
40712	0.9911103195360549	0
40713	0.49210643473523097	0
40714	0.60780830418779	0
40715	0.219482043621239	0
40716	0.23450308302316097	0
40717	0.1656154111596447	0
40718	0.60780830418779	0
40719	0.6135798657956902	0
40720	0.0	0
40721	0.3334362200813007	0
40722	0.454147117311384	0
40723	0.112557282534871	0
40724	1.9303849764084788	0
40725	1.1125455628150318	0
40726	0.0	0
40727	0.0	0
40728	0.0697920101271379	0
40729	0.0	0
40730	2.057678309573061	0
40731	0.392011419604162	0
40732	0.20032253854367998	0
40733	0.0	0
40734	0.4142439968277589	0
40735	0.7816776556557693	0
40736	0.5544466775962189	0
40737	0.4143538892876397	0
40738	0.06488520055918065	0
40739	0.4210536697459517	0
40740	0.0	0
40741	0.5065521065358877	0
40742	0.0	0
40743	1.1701179208002024	0
40744	0.0703338274836287	0
40745	0.0	0
40746	0.0	0
40747	0.27043646162281	0
40748	0.0	0
40749	0.6171921362898334	0
40750	0.32758021263807	0
40751	0.5691771678669609	0
40752	0.6671656504475049	0
40753	0.7002201532050233	0
40754	0.0	0
40755	0.74008016604807	0
40756	0.12158259529993999	0
40757	0.0179420394125369	0
40758	0.0	0
40759	0.24928997462117397	0
40760	0.063823761147748	0
40761	0.0	0
40762	0.8216190502434522	0
40763	0.4966271067073929	0
40764	1.1447484925660079	0
40765	1.005939579565177	0
40766	0.9229000526936757	0
40767	1.211220491198233	0
40768	0.0036665419675759297	0
40769	0.1871876940192668	0
40770	0.9965057493616492	0
40771	0.512027602484401	0
40772	0.4820975718969054	0
40773	1.1484030530172433	0
40774	0.15639045500632198	0
40775	0.0	0
40776	0.26676460514443806	0
40777	0.5980677314264474	0
40778	0.32980872240973524	0
40779	0.3806008479283707	0
40780	0.5080738602310411	0
40781	0.0	0
40782	0.7845182644323561	0
40783	0.0	0
40784	0.0	0
40785	0.9537827794199718	0
40786	0.6997457995134759	2
40787	2.056256717430786	0
40788	0.276569904321116	3
40789	0.0	0
40790	0.824865116468197	2
40791	0.7939623173406469	2
40792	0.331303126282009	1
40793	0.17604108179022232	0
40794	0.0655570162068168	2
40795	0.0	2
40796	0.8662002772505578	0
40797	0.329777572973172	2
40798	0.0989307685301781	2
40799	0.0989307685301781	0
40800	0.0112557693281969	0
40801	0.8893954585717111	0
40802	1.9939030775838191	2
40803	0.344862656067642	0
40804	1.297315816608789	3
40805	0.452354117898869	1
40806	1.1940825997836002	0
40807	0.373499508970905	1
40808	0.0989307685301781	2
40809	1.6229411661895214	1
40810	1.153469949667893	0
40811	0.06395137859189887	0
40812	0.9965041768117374	2
40813	0.6945907613520136	3
40814	0.45118892309805214	0
40815	0.0	0
40816	0.0	0
40817	0.3423781896022807	3
40818	1.5924080999075054	0
40819	0.9873905989001481	1
40820	0.177152446454751	2
40821	0.0	3
40822	0.26298388230453196	3
40823	0.0	0
40824	0.4197592245154168	1
40825	1.1477275376035674	1
40826	1.1477275376035674	0
40827	0.8324704381551349	2
40828	0.00852973401895843	1
40829	1.2886421279487223	0
40830	1.2886421279487223	0
40831	0.6906080821125122	2
40832	0.0	2
40833	0.601739587904819	0
40834	0.785509882259259	1
40835	0.18974883414043697	0
40836	0.4802090305487974	1
40837	0.221714274514662	2
40838	0.9279098737030684	0
40839	1.88492470831708	1
40840	0.849325516925045	0
40841	0.9128628811497361	2
40842	0.752779849754295	1
40843	0.0	3
40844	0.26172205798820436	0
40845	0.05244508944315839	0
40846	0.0	3
40847	0.601697499477026	0
40848	0.7173543213945485	0
40849	0.0	0
40850	0.0	0
40851	0.0	1
40852	1.0829938034429945	1
40853	0.5342439702787	1
40854	0.403128860853265	1
40855	1.1105449215560201	3
40856	0.0	3
40857	2.0116445673613494	1
40858	0.387125382081971	0
40859	0.303904152093895	3
40860	0.48045719496131706	2
40861	0.48045719496131706	1
40862	0.851980976125287	0
40863	0.3508018233827134	0
40864	0.544530447779404	2
40865	1.0816087206819	0
40866	1.057241632389464	2
40867	1.8218147368258257	3
40868	0.909901197227057	2
40869	0.0	2
40870	0.5781191218181311	0
40871	0.323467630758061	0
40872	0.25954084426757484	1
40873	0.865208711929081	1
40874	0.12450569318521303	0
40875	0.0	0
40876	0.40800420820040223	2
40877	0.0	2
40878	0.690640752894875	2
40879	0.22886253988423466	0
40880	0.26676460514443806	3
40881	0.0989307685301781	0
40882	1.5888747820691815	3
40883	0.12158259529993999	0
40884	0.13294786510750697	1
40885	0.13294786510750697	0
40886	0.49232656385217916	3
40887	0.276569904321116	2
40888	1.4883141626503913	0
40889	0.3166417502402713	0
40890	0.29135572154630646	2
40891	1.2987901863395694	1
40892	0.112557282534871	0
40893	1.0243488369503733	3
40894	1.0243488369503733	2
40895	0.6665071161870002	3
40896	0.6665071161870002	3
40897	1.103423573951691	0
40898	0.869795493986759	0
40899	0.5494251295618584	0
40900	1.3547970306925006	3
40901	1.3547970306925006	1
40902	0.8362176578351479	3
40903	0.37506010663911	0
40904	0.276569904321116	2
40905	0.0	1
40906	0.46570821869091306	1
40907	1.009039485508905	3
40908	0.781766540852685	0
40909	0.25502215528689814	2
40910	0.0	3
40911	0.3602928690837517	0
40912	1.9359256602817552	3
40913	0.2117236647650615	0
40914	0.659703730239315	2
40915	0.0	2
40916	0.0742214942789456	0
40917	1.8252475217016557	0
40918	0.0	0
40919	0.0	0
40920	0.9422723464421275	0
40921	0.6073938157546724	0
40922	0.0391838901886489	2
40923	0.33277589243166983	1
40924	0.665304477622807	1
40925	0.9425352218572429	3
40926	0.582344437629115	2
40927	0.3539905322555573	0
40928	0.960315756346802	1
40929	0.34914387527854407	0
40930	0.1814961443493895	0
40931	0.354833623692204	2
40932	0.15024296521748903	0
40933	1.6686603444234702	3
40934	0.9545528726159012	2
40935	0.796571702027916	1
40936	0.225942610624183	1
40937	0.0791277422871384	1
40938	0.0	2
40939	0.07345855209471383	1
40940	0.255262163835689	2
40941	0.255262163835689	0
40942	0.887086280903767	0
40943	0.0	0
40944	0.0	2
40945	0.0925950584266881	2
40946	0.2753879414451	2
40947	0.0	0
40948	0.2833769850286283	0
40949	0.49305482930694006	1
40950	0.261344537675099	0
40951	0.0	3
40952	0.1139548813138572	0
40953	0.504973497972938	3
40954	0.421777718079543	2
40955	0.0	3
40956	0.0	3
40957	0.2726089066849053	2
40958	0.38991360413891396	2
40959	0.38991360413891396	0
40960	0.779202821996328	2
40961	1.361741485022397	3
40962	1.361741485022397	3
40963	0.0	0
40964	1.0327488245388623	0
40965	0.0	2
40966	0.0	0
40967	1.6023095328334764	2
40968	0.130632430819858	0
40969	0.894716824968225	0
40970	0.0697920101271379	3
40971	4.175213199874752	0
40972	1.2551661962187959	3
40973	0.5929007155999799	2
40974	0.8619806056567074	3
40975	0.536714676662026	0
40976	0.568442131328114	0
40977	0.17990335824070178	2
40978	0.408933834052767	2
40979	0.0	2
40980	0.0	0
40981	1.1054016866696423	0
40982	1.1800821611481909	3
40983	0.381338790828735	0
40984	0.20032253854367998	2
40985	0.2058645614763128	2
40986	0.4307464359121995	3
40987	1.1889571939833274	1
40988	0.0	3
40989	0.047645204129954	2
40990	0.0	3
40991	0.12158259529993999	3
40992	0.00677642419836655	2
40993	0.753188964602501	2
40994	0.7047848479278955	3
40995	1.2372323783003885	1
40996	0.0	0
40997	0.6615679183441711	0
40998	0.00106143941143265	0
40999	0.66991107227179	2
41000	1.0639862649849783	2
41001	0.3049704250402918	1
41002	1.0140431827250924	0
41003	0.0	0
41004	0.26298388230453196	3
41005	0.41591942736196197	1
41006	0.5544466775962189	0
41007	0.6700876471569189	0
41008	0.8258037719971868	1
41009	1.0148952907482378	2
41010	0.0852307750405786	0
41011	1.8007620317398754	0
41012	0.0	0
41013	0.131087079611504	3
41014	0.4913543698203206	3
41015	0.2920959450414321	2
41016	2.035051842235621	1
41017	0.6467999730818682	0
41018	0.6467999730818682	0
41019	1.0829622008278526	3
41020	1.299936424949124	0
41021	0.440724096979243	0
41022	0.353881380409401	3
41023	0.353881380409401	3
41024	0.0	3
41025	0.0381340716139694	0
41026	3.082893173326909	0
41027	0.408838820167654	3
41028	0.0	2
41029	0.0	1
41030	0.0445295112435904	0
41031	0.290140474289545	3
41032	0.0	2
41033	0.0	3
41034	0.0	2
41035	0.0	0
41036	0.17371601695617	2
41037	0.24775186322172799	2
41038	0.12158259529993999	0
41039	0.104775476983559	0
41040	0.0	3
41041	0.0	3
41042	1.000099062282942	1
41043	0.4729980336230687	3
41044	0.0	0
41045	0.20106934587904302	3
41046	0.7729392758966614	2
41047	0.990480147207035	0
41048	0.16048539396953898	0
41049	1.1280451526576398	0
41050	1.199948656967654	2
41051	1.5654416641506788	1
41052	0.5732701658145559	0
41053	0.24033134807628304	0
41054	0.0688228458041788	0
41055	0.3515838793343689	3
41056	0.30295226088405375	3
41057	0.29009069195424503	2
41058	0.0	2
41059	1.194926974011553	3
41060	1.183293771115685	0
41061	1.1829211546316314	2
41062	0.513624683075964	3
41063	0.513624683075964	0
41064	0.8078058110929452	0
41065	0.862079624758388	2
41066	0.224618983693675	3
41067	0.8482825981696578	3
41068	0.8482825981696578	2
41069	2.740469788164198	0
41070	0.0	2
41071	0.0	0
41072	0.60780830418779	0
41073	0.0	2
41074	2.0087096521689363	2
41075	1.2006154979154022	1
41076	0.0	1
41077	0.8333711112424015	0
41078	0.11789852934110578	3
41079	0.34040195006391705	0
41080	0.353881380409401	2
41081	0.6539724842771916	3
41082	0.6539724842771916	2
41083	0.00905432419492332	2
41084	0.7442163818546879	0
41085	0.3250562201790289	2
41086	0.608646320716003	0
41087	0.387125382081971	2
41088	0.45733069322381	3
41089	0.0666105720549272	1
41090	0.164111676150932	1
41091	0.44658213630520205	2
41092	0.0	3
41093	0.0294729078642017	2
41094	0.865547096560709	1
41095	1.201680459096715	2
41096	1.4629887210698969	2
41097	1.0897812494849402	1
41098	0.0	1
41099	0.850338972895872	2
41100	0.4481534368763768	3
41101	0.610650066010526	2
41102	0.912897403881501	3
41103	0.791314808581561	3
41104	2.2363044380147867	1
41105	1.0816087206819	1
41106	2.19083923764853	1
41107	0.0	0
41108	0.6700876471569189	3
41109	0.7871189497860539	0
41110	1.3615722480554544	0
41111	0.5354565435319738	2
41112	0.0	0
41113	1.0030386095824373	1
41114	0.963931101419586	0
41115	0.08462726621933729	0
41116	0.0	1
41117	0.0	3
41118	1.0609102871582279	0
41119	0.26676460514443806	3
41120	0.43434844444827847	0
41121	0.542606733414048	3
41122	0.0	1
41123	0.0040784161508349	3
41124	0.0796971103040381	3
41125	0.365908655459485	1
41126	0.24404766770883501	2
41127	0.24404766770883501	0
41128	0.18824007885474908	2
41129	0.807164329855786	3
41130	2.01014608459533	3
41131	0.3804824262422386	2
41132	0.520723565959809	0
41133	1.2832854852462439	3
41134	0.13261099347218208	2
41135	0.0	2
41136	1.0218304118756087	0
41137	0.023671110695321	0
41138	0.16966177472559302	3
41139	0.0	2
41140	0.0	0
41141	1.2579071177228502	3
41142	1.1841815815362076	1
41143	0.8979583586267144	2
41144	0.0	1
41145	0.0	0
41146	0.15023078888848698	0
41147	0.0	1
41148	0.418068550604623	0
41149	1.3270311751746648	1
41150	0.164111676150932	0
41151	0.0655570162068168	1
41152	2.1642620262025796	3
41153	0.36984271648045797	3
41154	0.582582589241533	0
41155	0.27839264313955703	1
41156	0.450785914908773	3
41157	0.0	2
41158	0.22078478608777827	3
41159	0.7668923440211147	2
41160	0.25126041860847304	0
41161	0.26298388230453196	1
41162	0.564797827087671	1
41163	2.3914561233140024	3
41164	2.3914561233140024	3
41165	0.0	1
41166	0.0	0
41167	0.221714274514662	1
41168	0.0779886973344364	0
41169	0.16673417846508687	0
41170	0.2757109372696944	0
41171	0.7888395017449059	1
41172	0.045278055037858	2
41173	0.39472621038475997	1
41174	1.7631965121619255	2
41175	0.20124999803381197	0
41176	0.7927165592376011	1
41177	0.0	3
41178	0.0	0
41179	0.118071879211844	1
41180	0.130632430819858	0
41181	0.103217807057021	2
41182	0.103217807057021	2
41183	1.3202790449303081	2
41184	1.0619282805959012	0
41185	0.249362884832282	0
41186	0.6135798657956902	0
41187	0.0789604202755374	3
41188	0.0436210538302285	1
41189	0.9267619754539007	0
41190	0.3993510318091798	3
41191	0.0	3
41192	0.5859036880460471	3
41193	0.0	0
41194	0.24810360430869907	1
41195	0.0	0
41196	0.16048539396953898	2
41197	0.303904152093895	3
41198	0.0	3
41199	1.6131361482387958	3
41200	0.793756093993213	3
41201	0.793756093993213	3
41202	0.846414737483707	3
41203	0.846414737483707	2
41204	1.3441369911918424	0
41205	0.0	2
41206	0.0	3
41207	0.8361168582610627	0
41208	0.275881735316944	0
41209	0.924412580368207	2
41210	0.42180678351673107	2
41211	0.0	3
41212	0.657173332244933	0
41213	0.297699021725901	3
41214	0.297699021725901	2
41215	1.3293707091642442	2
41216	0.429726399024062	1
41217	0.7857349355925531	1
41218	0.382337092108369	2
41219	0.10006236473517999	3
41220	1.6137584757057915	0
41221	0.209747924704202	2
41222	1.122765863701726	0
41223	0.6876568496972271	0
41224	0.0703338274836287	1
41225	0.0703338274836287	1
41226	0.6621754488689183	2
41227	2.1122772216835006	1
41228	0.0	0
41229	1.456666736406315	2
41230	0.628252637667554	0
41231	0.564917977463515	0
41232	0.0	3
41233	0.2182334144658599	3
41234	1.960436502814	0
41235	0.112557282534871	0
41236	1.041042500826912	1
41237	0.8481793690884469	0
41238	0.851980976125287	0
41239	0.8012901541747199	1
41240	0.023671110695321	0
41241	0.0	3
41242	0.303904152093895	0
41243	0.9982240123775225	0
41244	0.459162201252722	0
41245	0.126207644839503	0
41246	0.427396215383492	0
41247	0.0697920101271379	3
41248	0.0697920101271379	3
41249	2.3629608060575293	2
41250	0.3228643672720357	0
41251	0.48361027249644095	0
41252	0.19046077011452597	3
41253	0.19046077011452597	0
41254	0.863400015920285	0
41255	0.0	0
41256	1.338304276084656	2
41257	1.3920855248965736	2
41258	0.7378905894680651	1
41259	0.18087810355522085	3
41260	0.0655570162068168	3
41261	0.0655570162068168	0
41262	0.235992946477685	1
41263	0.7036063226483771	1
41264	1.0616519866639256	2
41265	1.0616519866639256	0
41266	0.743193813905549	2
41267	0.0	2
41268	0.27828489283476693	0
41269	1.021362393600432	2
41270	0.307440319336199	2
41271	0.6700876471569189	3
41272	0.20416970813714602	2
41273	0.546174347834214	0
41274	0.0	2
41275	0.20106934587904302	3
41276	0.8628127663163714	2
41277	0.07518204058719012	2
41278	0.6554880314282638	3
41279	0.511959977190792	3
41280	0.0	0
41281	0.8400032695011984	1
41282	1.212186487276747	1
41283	0.48354816262487077	1
41284	0.06395137859189887	3
41285	0.764586267027252	1
41286	0.471065068657168	1
41287	1.0069903184699676	0
41288	1.177230595154422	0
41289	0.0	2
41290	0.340622858230812	0
41291	2.23863665872923	3
41292	0.590540119532175	1
41293	0.0656057433182566	3
41294	0.0656057433182566	2
41295	0.22434098779606199	2
41296	2.7860383659120136	2
41297	0.9186890979672574	2
41298	0.9186890979672574	0
41299	0.8153501580770757	1
41300	0.230832595918375	3
41301	1.312630798939392	3
41302	0.5959663085503248	0
41303	0.7555684117586197	0
41304	1.0023774928759699	0
41305	1.510807389451987	1
41306	0.0	0
41307	0.5426221230570285	0
41308	1.1194410944990572	2
41309	1.4407314088462706	2
41310	1.3543911606392236	0
41311	0.0	2
41312	1.207834417908875	2
41313	0.9839344814659838	2
41314	0.22981621311469796	3
41315	0.292117347016349	2
41316	0.9146617926173385	0
41317	1.1727768005403858	1
41318	0.647016283312396	0
41319	0.23832666982390502	0
41320	0.268202419914066	0
41321	0.3783718418802906	0
41322	0.0	2
41323	1.052282743635212	3
41324	1.658997849777188	3
41325	0.1467545288273201	0
41326	0.30145016313232803	3
41327	0.217358866932792	0
41328	0.0	0
41329	1.246997640364756	0
41330	0.0	2
41331	0.0	2
41332	0.0	1
41333	0.712038432642466	0
41334	0.0436210538302285	0
41335	0.0	3
41336	0.0	3
41337	0.37330699135733614	0
41338	1.218872673954074	0
41339	0.001014937516472	1
41340	0.039089982443909	3
41341	0.039089982443909	2
41342	1.040672386484069	1
41343	0.710497157209077	0
41344	0.1867170752033982	2
41345	1.012501509517372	0
41346	0.7087681541889947	1
41347	0.22966869235774878	0
41348	0.0	0
41349	2.776390753078398	0
41350	0.080340154793109	3
41351	0.080340154793109	3
41352	0.6403691795222527	3
41353	1.0592766112650716	0
41354	1.176757453056382	0
41355	0.370523839435291	0
41356	0.6564458455513411	3
41357	0.28478311064711703	3
41358	0.0	3
41359	0.42513535761236	3
41360	0.00962502438037333	0
41361	0.0	3
41362	0.8510089116683509	0
41363	1.297315816608789	3
41364	1.004766065246292	0
41365	1.859152328285313	3
41366	0.6310823116234869	2
41367	1.4207037538761205	1
41368	0.7060313590934761	0
41369	0.0539304234890898	1
41370	0.0	1
41371	0.12443160007601499	3
41372	0.2658795547504968	3
41373	0.14731041126919242	3
41374	0.0697920101271379	3
41375	0.22091692731351398	1
41376	0.45784436764316006	0
41377	0.112557282534871	0
41378	0.112557282534871	0
41379	0.0	2
41380	0.0	1
41381	0.29009069195424503	1
41382	0.40078698300184806	0
41383	0.0	3
41384	2.4047370445432907	2
41385	0.0	0
41386	0.137543308359705	0
41387	0.0	2
41388	0.0595124211668631	0
41389	0.294935482111135	2
41390	0.49610766078486496	3
41391	0.790860588087698	0
41392	0.0	3
41393	0.9088296162405609	0
41394	0.1780320320091843	0
41395	0.15024296521748903	3
41396	0.6304789804077658	2
41397	0.33850744746822603	3
41398	0.500939523548648	1
41399	0.8652903881641592	0
41400	0.30642536648902197	0
41401	0.0	3
41402	0.7058930533178109	0
41403	0.0	0
41404	0.23832666982390502	2
41405	0.6340174131842418	0
41406	0.0	3
41407	0.15024296521748903	3
41408	0.13294786510750697	0
41409	0.6763945732686871	0
41410	0.7460796198247904	2
41411	0.0	1
41412	1.4261731434572391	2
41413	0.9368865789580794	0
41414	2.803929101033459	1
41415	0.00677642419836655	2
41416	0.12817223515278894	0
41417	0.5159786904028781	0
41418	0.726077298866662	0
41419	0.0	3
41420	0.3451799515722379	0
41421	1.640218847232283	2
41422	0.164111676150932	2
41423	0.0	0
41424	0.7961531614534659	2
41425	0.6918419409495586	0
41426	0.504973497972938	0
41427	0.0	3
41428	0.5015766556614356	0
41429	1.952667003816787	2
41430	0.5402678191100887	0
41431	1.069253304601246	2
41432	0.0	0
41433	0.669997731833469	3
41434	0.0	0
41435	1.2168105782307146	0
41436	0.0	3
41437	0.0	2
41438	0.331303126282009	0
41439	0.331303126282009	3
41440	0.331303126282009	2
41441	0.0672921645255495	0
41442	0.5243653732684808	3
41443	0.5544466775962189	1
41444	0.775752084409718	2
41445	1.875501894473145	0
41446	1.688010598114924	0
41447	0.0	2
41448	1.0640700790645752	1
41449	0.936739735491891	2
41450	0.023671110695321	1
41451	0.140784802283876	0
41452	0.331303126282009	3
41453	0.45008355010479106	2
41454	0.0	1
41455	0.0	0
41456	0.0	0
41457	0.6567255267166371	0
41458	0.447386676355737	2
41459	1.271378424940369	0
41460	0.0	1
41461	0.7680614628408666	0
41462	0.0	0
41463	0.756958071359465	3
41464	0.294935482111135	0
41465	0.275881735316944	0
41466	0.0	0
41467	0.38770252627681384	2
41468	2.050451466452978	0
41469	1.1699146843431747	1
41470	0.0	3
41471	0.6528528458028721	1
41472	1.3059783800451763	1
41473	0.0	0
41474	1.1977321977463102	0
41475	0.0	2
41476	0.1596399054557422	0
41477	1.7408095037010718	1
41478	0.267354401681736	3
41479	0.7562304310523835	0
41480	1.855738681618503	2
41481	0.431386584838992	1
41482	1.6864361332353162	2
41483	0.38057533432676793	0
41484	0.148441404338722	0
41485	1.148079961968624	2
41486	0.112557282534871	0
41487	0.3444466128125872	2
41488	0.0	0
41489	0.536689029655111	0
41490	0.1614266485154838	2
41491	0.5396651608384703	3
41492	0.24191143836378687	3
41493	0.019993873186974265	1
41494	1.198147740446677	2
41495	1.222024232850015	1
41496	0.9648797955121662	3
41497	0.9648797955121662	3
41498	0.0	0
41499	0.606715106141976	3
41500	0.0	0
41501	0.23561206253768427	0
41502	0.2100342862578588	1
41503	0.7446005424347616	0
41504	0.5614855477135564	3
41505	0.23572704995203847	0
41506	0.415479116278656	0
41507	0.6839336750491081	1
41508	0.0	0
41509	0.164111676150932	2
41510	0.0	3
41511	0.0	0
41512	0.22861212366976538	1
41513	3.017633931488709	3
41514	1.766273336128814	2
41515	0.27449583604117395	2
41516	1.508404647961669	0
41517	0.0	1
41518	0.9339393294794719	3
41519	1.6112936627012502	2
41520	0.00165685473119634	2
41521	0.5268243957841799	0
41522	0.0436210538302285	0
41523	0.13912467041437473	1
41524	0.7428637717669537	3
41525	0.0112557693281969	0
41526	0.606715106141976	3
41527	0.0	0
41528	1.7380545662332412	0
41529	1.424828979986102	2
41530	0.6980337417683318	1
41531	0.32517968406438763	0
41532	1.8034266657624218	1
