id	score	importantwordcount	intensity
2018-en-valence-train-1-2017-30100	2.3289999999999997	1.0	3
2018-en-valence-train-2-2017-30078	2.9330000000000003	2.0	3
2018-en-valence-train-3-2017-30011	2.616	2.0	3
2018-en-valence-train-4-2017-21094	0.5410000000000001	1.0	3
2018-en-valence-train-5-2017-30382	0.1730000000000002	0.0	3
2018-en-valence-train-6-2017-31130	4.03	2.0	3
2018-en-valence-train-7-2017-31109	7.563999999999999	3.0	3
2018-en-valence-train-8-2017-31568	6.0440000000000005	4.0	3
2018-en-valence-train-9-2017-31462	3.3600000000000003	2.0	3
2018-en-valence-train-10-2017-30004	5.408	4.0	3
2018-en-valence-train-11-2017-30190	2.275	0.0	3
2018-en-valence-train-12-2017-31472	5.832	4.0	3
2018-en-valence-train-13-2017-30914	2.343	1.0	3
2018-en-valence-train-14-2017-30216	3.958	1.0	3
2018-en-valence-train-15-2017-31170	1.097	0.0	3
2018-en-valence-train-16-2017-30034	5.008	2.0	3
2018-en-valence-train-17-2017-30128	11.715000000000002	4.0	3
2018-en-valence-train-18-2017-30853	4.577999999999999	2.0	3
2018-en-valence-train-19-2017-31205	1.303	1.0	3
2018-en-valence-train-20-2017-31020	-1.7800000000000002	0.0	3
2018-en-valence-train-21-2017-30068	10.779	3.0	3
2018-en-valence-train-22-2017-30112	8.397	5.0	3
2018-en-valence-train-23-2017-31251	5.134	1.0	3
2018-en-valence-train-24-2017-30062	9.274	2.0	3
2018-en-valence-train-25-2017-31451	2.7110000000000003	2.0	3
2018-en-valence-train-26-2017-30017	5.659	1.0	3
2018-en-valence-train-27-2017-30030	2.081	1.0	3
2018-en-valence-train-28-2017-30955	1.1450000000000005	1.0	3
2018-en-valence-train-29-2017-31123	2.997	1.0	3
2018-en-valence-train-30-2017-31193	2.0069999999999997	1.0	3
2018-en-valence-train-31-2017-31309	7.214	3.0	3
2018-en-valence-train-32-2017-30261	1.905	1.0	3
2018-en-valence-train-33-2017-30296	4.1789999999999985	2.0	3
2018-en-valence-train-34-2017-31129	1.924	0.0	3
2018-en-valence-train-35-2017-31457	5.379	3.0	3
2018-en-valence-train-36-2017-30569	6.421	2.0	3
2018-en-valence-train-37-2017-30273	4.218	1.0	3
2018-en-valence-train-38-2017-31483	7.535	3.0	3
2018-en-valence-train-39-2017-30922	-1.2950000000000004	0.0	3
2018-en-valence-train-40-2017-10839	-3.806	0.0	3
2018-en-valence-train-41-2017-30866	10.143	4.0	3
2018-en-valence-train-42-2017-30038	-2.4229999999999996	2.0	3
2018-en-valence-train-43-2017-31117	3.781999999999999	2.0	3
2018-en-valence-train-44-2017-30371	-5.606	0.0	3
2018-en-valence-train-45-2017-30117	5.704	3.0	3
2018-en-valence-train-46-2017-31459	-0.19599999999999998	0.0	3
2018-en-valence-train-47-2017-30933	0.09599999999999986	1.0	3
2018-en-valence-train-48-2017-30021	-0.9350000000000002	0.0	3
2018-en-valence-train-49-2017-31115	2.463	1.0	3
2018-en-valence-train-50-2017-30162	6.112	1.0	3
2018-en-valence-train-51-2017-30130	7.841	3.0	3
2018-en-valence-train-52-2017-31387	3.693	0.0	3
2018-en-valence-train-53-2017-31140	6.053000000000001	3.0	3
2018-en-valence-train-54-2017-30198	11.358999999999998	3.0	3
2018-en-valence-train-55-2017-30954	3.624	2.0	3
2018-en-valence-train-56-2017-31260	5.63	2.0	3
2018-en-valence-train-57-2017-31116	4.04	2.0	3
2018-en-valence-train-58-2017-31212	4.109	4.0	3
2018-en-valence-train-59-2017-30077	13.123	5.0	3
2018-en-valence-train-60-2017-30295	17.547	7.0	3
2018-en-valence-train-61-2017-31078	3.484	2.0	3
2018-en-valence-train-62-2017-30031	7.940000000000001	3.0	3
2018-en-valence-train-63-2017-30060	3.043	2.0	3
2018-en-valence-train-64-2017-30050	5.426	2.0	3
2018-en-valence-train-65-2017-30063	0.5529999999999999	0.0	3
2018-en-valence-train-66-2017-40768	2.7230000000000008	1.0	3
2018-en-valence-train-67-2017-10519	-0.42600000000000005	0.0	3
2018-en-valence-train-68-2017-30910	6.433	4.0	3
2018-en-valence-train-69-2017-40227	-1.5390000000000001	0.0	3
2018-en-valence-train-70-2017-30395	5.734	2.0	3
2018-en-valence-train-71-2017-20602	-2.763	2.0	3
2018-en-valence-train-72-2017-30072	3.2729999999999997	2.0	3
2018-en-valence-train-73-2017-30902	3.4269999999999996	2.0	3
2018-en-valence-train-74-2017-31560	0.483	0.0	3
2018-en-valence-train-75-2017-30293	2.7310000000000003	1.0	3
2018-en-valence-train-76-2017-30024	4.442	2.0	3
2018-en-valence-train-77-2017-31081	1.0070000000000006	0.0	3
2018-en-valence-train-78-2017-30221	11.231	4.0	3
2018-en-valence-train-79-2017-30956	0.6820000000000004	1.0	3
2018-en-valence-train-80-2017-30040	1.9010000000000002	1.0	3
2018-en-valence-train-81-2017-31329	0.621	1.0	3
2018-en-valence-train-82-2017-31508	0.08200000000000002	0.0	3
2018-en-valence-train-83-2017-30170	-5.0889999999999995	0.0	3
2018-en-valence-train-84-2017-30200	-0.727	0.0	3
2018-en-valence-train-85-2017-30028	6.380999999999999	2.0	3
2018-en-valence-train-86-2017-31092	3.9539999999999997	1.0	3
2018-en-valence-train-87-2017-30155	1.8890000000000002	1.0	3
2018-en-valence-train-88-2017-10702	4.332	2.0	3
2018-en-valence-train-89-2017-30101	0.8399999999999999	1.0	3
2018-en-valence-train-90-2017-30940	6.59	2.0	3
2018-en-valence-train-91-2017-31551	2.442	2.0	3
2018-en-valence-train-92-2017-10704	-1.017	0.0	3
2018-en-valence-train-93-2017-30046	5.600000000000001	4.0	3
2018-en-valence-train-94-2017-31331	3.9000000000000004	2.0	3
2018-en-valence-train-95-2017-31543	-0.8749999999999998	0.0	3
2018-en-valence-train-96-2017-31598	2.2550000000000003	2.0	3
2018-en-valence-train-97-2017-30291	4.24	3.0	3
2018-en-valence-train-98-2017-30061	1.8450000000000002	1.0	3
2018-en-valence-train-99-2017-30188	3.1900000000000004	3.0	3
2018-en-valence-train-100-2017-10631	-3.806	0.0	3
2018-en-valence-train-101-2017-30185	3.7430000000000003	1.0	3
2018-en-valence-train-102-2017-31224	2.8640000000000003	2.0	3
2018-en-valence-train-103-2017-31033	2.277	2.0	3
2018-en-valence-train-104-2017-30122	3.2390000000000003	1.0	3
2018-en-valence-train-105-2017-30998	0.17199999999999982	0.0	3
2018-en-valence-train-106-2017-31544	0.6489999999999999	0.0	3
2018-en-valence-train-107-2017-41115	5.977	2.0	3
2018-en-valence-train-108-2017-31321	-0.871	1.0	3
2018-en-valence-train-109-2017-31189	3.396	1.0	3
2018-en-valence-train-110-2017-30893	-0.06900000000000006	1.0	3
2018-en-valence-train-111-2017-30288	2.4749999999999996	1.0	3
2018-en-valence-train-112-2017-31488	15.763000000000002	6.0	3
2018-en-valence-train-113-2017-30222	15.306000000000001	5.0	3
2018-en-valence-train-114-2017-22024	1.4380000000000002	1.0	3
2018-en-valence-train-115-2017-30849	1.4460000000000002	0.0	3
2018-en-valence-train-116-2017-30434	3.7409999999999997	2.0	3
2018-en-valence-train-117-2017-30578	10.462000000000002	3.0	3
2018-en-valence-train-118-2017-30193	0.1730000000000002	0.0	3
2018-en-valence-train-119-2017-30851	1.8040000000000003	0.0	3
2018-en-valence-train-120-2017-10970	0.052999999999999936	1.0	3
2018-en-valence-train-121-2017-30109	16.247	5.0	3
2018-en-valence-train-122-2017-30104	2.439	0.0	3
2018-en-valence-train-123-2017-31241	4.566000000000001	1.0	3
2018-en-valence-train-124-2017-31067	2.721	1.0	3
2018-en-valence-train-125-2017-21704	-3.5959999999999996	0.0	3
2018-en-valence-train-126-2017-31213	1.466	0.0	2
2018-en-valence-train-127-2017-30726	5.554	1.0	2
2018-en-valence-train-128-2017-30489	5.221	2.0	2
2018-en-valence-train-129-2017-30923	2.8280000000000003	0.0	2
2018-en-valence-train-130-2017-31077	0.5329999999999999	1.0	2
2018-en-valence-train-131-2017-30964	0.19600000000000006	0.0	2
2018-en-valence-train-132-2017-30846	2.671	3.0	2
2018-en-valence-train-133-2017-30303	0.11599999999999988	0.0	2
2018-en-valence-train-134-2017-10536	-4.768000000000001	0.0	2
2018-en-valence-train-135-2017-30268	8.662999999999998	4.0	2
2018-en-valence-train-136-2017-31240	7.517	2.0	2
2018-en-valence-train-137-2017-30143	-0.8899999999999999	0.0	2
2018-en-valence-train-138-2017-30896	3.008000000000001	1.0	2
2018-en-valence-train-139-2017-31448	7.375	1.0	2
2018-en-valence-train-140-2017-31062	1.3929999999999998	1.0	2
2018-en-valence-train-141-2017-31489	1.1050000000000002	0.0	2
2018-en-valence-train-142-2017-30172	2.726	2.0	2
2018-en-valence-train-143-2017-31006	1.159	0.0	2
2018-en-valence-train-144-2017-30151	2.841	2.0	2
2018-en-valence-train-145-2017-31099	3.851	2.0	2
2018-en-valence-train-146-2017-31232	4.715	3.0	2
2018-en-valence-train-147-2017-30082	4.377000000000001	2.0	2
2018-en-valence-train-148-2017-31095	2.833	1.0	2
2018-en-valence-train-149-2017-30721	-0.7069999999999999	0.0	2
2018-en-valence-train-150-2017-30242	13.413000000000002	4.0	2
2018-en-valence-train-151-2017-31271	2.2110000000000003	1.0	2
2018-en-valence-train-152-2017-30962	0.07699999999999996	1.0	2
2018-en-valence-train-153-2017-30742	2.039	1.0	2
2018-en-valence-train-154-2017-30919	4.29	1.0	2
2018-en-valence-train-155-2017-31477	1.9009999999999998	0.0	2
2018-en-valence-train-156-2017-30087	-0.043999999999999984	0.0	2
2018-en-valence-train-157-2017-30007	2.47	2.0	2
2018-en-valence-train-158-2017-31005	1.113	0.0	2
2018-en-valence-train-159-2017-30039	3.3350000000000004	2.0	2
2018-en-valence-train-160-2017-30993	-0.49700000000000055	0.0	2
2018-en-valence-train-161-2017-31552	5.393000000000001	3.0	2
2018-en-valence-train-162-2017-31369	3.191	2.0	2
2018-en-valence-train-163-2017-31313	5.3069999999999995	2.0	2
2018-en-valence-train-164-2017-31281	5.23	2.0	2
2018-en-valence-train-165-2017-30138	-1.3980000000000001	0.0	2
2018-en-valence-train-166-2017-31270	9.146	4.0	2
2018-en-valence-train-167-2017-30390	2.1419999999999995	2.0	2
2018-en-valence-train-168-2017-31479	5.568000000000001	4.0	2
2018-en-valence-train-169-2017-30466	0.714	1.0	2
2018-en-valence-train-170-2017-21530	0.9740000000000002	1.0	2
2018-en-valence-train-171-2017-31052	2.113	1.0	2
2018-en-valence-train-172-2017-30179	-2.0589999999999997	0.0	2
2018-en-valence-train-173-2017-31580	-2.316	2.0	2
2018-en-valence-train-174-2017-30339	0.23800000000000043	3.0	2
2018-en-valence-train-175-2017-30957	0.7099999999999997	1.0	2
2018-en-valence-train-176-2017-40774	-0.3270000000000002	0.0	2
2018-en-valence-train-177-2017-31156	8.301	3.0	2
2018-en-valence-train-178-2017-30250	0.3490000000000002	1.0	2
2018-en-valence-train-179-2017-30330	-0.511	0.0	2
2018-en-valence-train-180-2017-31318	3.793	1.0	2
2018-en-valence-train-181-2017-21020	3.143	1.0	2
2018-en-valence-train-182-2017-31083	-1.1440000000000001	2.0	2
2018-en-valence-train-183-2017-31349	3.698	2.0	2
2018-en-valence-train-184-2017-21015	-0.5579999999999999	0.0	2
2018-en-valence-train-185-2017-31432	0.6940000000000001	1.0	2
2018-en-valence-train-186-2017-31556	5.749	3.0	2
2018-en-valence-train-187-2017-31214	-3.2119999999999997	0.0	2
2018-en-valence-train-188-2017-30374	3.365	2.0	2
2018-en-valence-train-189-2017-30865	1.257	2.0	2
2018-en-valence-train-190-2017-31467	1.282	1.0	2
2018-en-valence-train-191-2017-30344	12.082	3.0	2
2018-en-valence-train-192-2017-31143	3.0229999999999997	1.0	2
2018-en-valence-train-193-2017-30481	2.0079999999999996	1.0	2
2018-en-valence-train-194-2017-30987	2.3659999999999997	2.0	2
2018-en-valence-train-195-2017-30135	0.3929999999999999	0.0	2
2018-en-valence-train-196-2017-31558	2.132	1.0	2
2018-en-valence-train-197-2017-31602	-0.17799999999999994	0.0	2
2018-en-valence-train-198-2017-21438	0.9760000000000001	1.0	2
2018-en-valence-train-199-2017-21991	0.4620000000000001	0.0	2
2018-en-valence-train-200-2017-41175	12.186	4.0	2
2018-en-valence-train-201-2017-30094	2.681	1.0	2
2018-en-valence-train-202-2017-31238	2.741	2.0	2
2018-en-valence-train-203-2017-21527	0.9079999999999998	1.0	2
2018-en-valence-train-204-2017-30282	1.282	1.0	2
2018-en-valence-train-205-2017-30455	-0.667	0.0	2
2018-en-valence-train-206-2017-30320	2.271	0.0	2
2018-en-valence-train-207-2017-30254	-0.022000000000000002	0.0	2
2018-en-valence-train-208-2017-30086	0.565	0.0	2
2018-en-valence-train-209-2017-40783	4.86	3.0	2
2018-en-valence-train-210-2017-30123	0.75	0.0	2
2018-en-valence-train-211-2017-30404	2.457	1.0	2
2018-en-valence-train-212-2017-31112	5.397000000000001	4.0	2
2018-en-valence-train-213-2017-20797	1.701	1.0	2
2018-en-valence-train-214-2017-30271	-0.8199999999999998	1.0	2
2018-en-valence-train-215-2017-30883	1.6929999999999998	0.0	2
2018-en-valence-train-216-2017-30335	-0.6250000000000001	0.0	1
2018-en-valence-train-217-2017-30257	1.454	0.0	1
2018-en-valence-train-218-2017-31165	0.5740000000000001	0.0	1
2018-en-valence-train-219-2017-40928	1.631	1.0	1
2018-en-valence-train-220-2017-30129	3.978	2.0	1
2018-en-valence-train-221-2017-31466	4.199	2.0	1
2018-en-valence-train-222-2017-30182	4.496	1.0	1
2018-en-valence-train-223-2017-30384	5.159000000000001	3.0	1
2018-en-valence-train-224-2017-30611	1.7349999999999999	1.0	1
2018-en-valence-train-225-2017-30454	13.662999999999998	5.0	1
2018-en-valence-train-226-2017-30436	1.9769999999999999	3.0	1
2018-en-valence-train-227-2017-30834	6.432	3.0	1
2018-en-valence-train-228-2017-31501	-1.4849999999999999	0.0	1
2018-en-valence-train-229-2017-30983	-0.4560000000000002	1.0	1
2018-en-valence-train-230-2017-30239	3.66	2.0	1
2018-en-valence-train-231-2017-30976	-1.2460000000000002	1.0	1
2018-en-valence-train-232-2017-30287	2.5909999999999997	1.0	1
2018-en-valence-train-233-2017-30207	0.375	0.0	1
2018-en-valence-train-234-2017-31474	4.316999999999999	2.0	1
2018-en-valence-train-235-2017-30558	6.842	4.0	1
2018-en-valence-train-236-2017-31588	2.478	1.0	1
2018-en-valence-train-237-2017-31246	-0.8390000000000002	0.0	1
2018-en-valence-train-238-2017-30270	4.249	2.0	1
2018-en-valence-train-239-2017-30421	2.55	0.0	1
2018-en-valence-train-240-2017-31039	6.380000000000001	3.0	1
2018-en-valence-train-241-2017-31278	2.607	1.0	1
2018-en-valence-train-242-2017-31613	-0.6520000000000001	1.0	1
2018-en-valence-train-243-2017-31610	3.569	2.0	1
2018-en-valence-train-244-2017-30887	0.020999999999999852	0.0	1
2018-en-valence-train-245-2017-30012	5.0	1.0	1
2018-en-valence-train-246-2017-40765	4.3629999999999995	1.0	1
2018-en-valence-train-247-2017-41327	-2.0	0.0	1
2018-en-valence-train-248-2017-31335	5.71	2.0	1
2018-en-valence-train-249-2017-30246	4.673	1.0	1
2018-en-valence-train-250-2017-30331	0.646	1.0	1
2018-en-valence-train-251-2017-30456	0.20499999999999985	1.0	1
2018-en-valence-train-252-2017-31274	4.196000000000001	2.0	1
2018-en-valence-train-253-2017-31284	0.275	0.0	1
2018-en-valence-train-254-2017-20871	-0.7449999999999999	0.0	1
2018-en-valence-train-255-2017-31460	0.544	0.0	1
2018-en-valence-train-256-2017-31383	1.5379999999999998	1.0	1
2018-en-valence-train-257-2017-30238	0.369	0.0	1
2018-en-valence-train-258-2017-31500	2.479	1.0	1
2018-en-valence-train-259-2017-30949	1.108	1.0	1
2018-en-valence-train-260-2017-22229	2.218	0.0	1
2018-en-valence-train-261-2017-30666	4.202999999999999	1.0	1
2018-en-valence-train-262-2017-30276	1.107	1.0	1
2018-en-valence-train-263-2017-30230	0.186	0.0	1
2018-en-valence-train-264-2017-30420	2.182	1.0	1
2018-en-valence-train-265-2017-30229	2.919	1.0	1
2018-en-valence-train-266-2017-30139	-2.235	1.0	1
2018-en-valence-train-267-2017-30195	-5.887	0.0	1
2018-en-valence-train-268-2017-31256	4.378	2.0	1
2018-en-valence-train-269-2017-30459	9.318999999999999	2.0	1
2018-en-valence-train-270-2017-30417	1.332	0.0	1
2018-en-valence-train-271-2017-30926	3.033	1.0	1
2018-en-valence-train-272-2017-30749	2.873	1.0	1
2018-en-valence-train-273-2017-30690	0.11599999999999988	0.0	1
2018-en-valence-train-274-2017-30210	5.718999999999999	4.0	1
2018-en-valence-train-275-2017-30237	2.5130000000000003	1.0	1
2018-en-valence-train-276-2017-31101	0.1319999999999999	1.0	1
2018-en-valence-train-277-2017-10659	6.413	3.0	1
2018-en-valence-train-278-2017-40664	-0.9280000000000002	0.0	1
2018-en-valence-train-279-2017-31548	2.988	1.0	1
2018-en-valence-train-280-2017-21103	-3.335	0.0	1
2018-en-valence-train-281-2017-30971	1.0650000000000004	1.0	1
2018-en-valence-train-282-2017-30164	1.2770000000000001	1.0	1
2018-en-valence-train-283-2017-22146	3.3059999999999996	1.0	1
2018-en-valence-train-284-2017-20866	-2.8899999999999997	0.0	1
2018-en-valence-train-285-2017-31562	3.162999999999999	2.0	1
2018-en-valence-train-286-2017-31227	0.02599999999999969	2.0	1
2018-en-valence-train-287-2017-40781	0.869	0.0	1
2018-en-valence-train-288-2017-30944	1.0270000000000001	1.0	1
2018-en-valence-train-289-2017-31120	0.746	2.0	1
2018-en-valence-train-290-2017-30877	-7.473999999999999	0.0	1
2018-en-valence-train-291-2017-41231	5.464999999999999	2.0	1
2018-en-valence-train-292-2017-31555	0.9530000000000001	0.0	1
2018-en-valence-train-293-2017-31221	4.877	2.0	1
2018-en-valence-train-294-2017-31343	3.0820000000000003	2.0	1
2018-en-valence-train-295-2017-30609	7.888000000000001	3.0	1
2018-en-valence-train-296-2017-30936	-0.9410000000000001	0.0	1
2018-en-valence-train-297-2017-30665	-0.9609999999999999	0.0	1
2018-en-valence-train-298-2017-31495	2.3370000000000006	2.0	1
2018-en-valence-train-299-2017-40730	2.823	2.0	1
2018-en-valence-train-300-2017-30321	3.043	1.0	1
2018-en-valence-train-301-2017-30366	1.034	0.0	1
2018-en-valence-train-302-2017-30985	0.35099999999999987	0.0	1
2018-en-valence-train-303-2017-31255	-5.014	0.0	1
2018-en-valence-train-304-2017-31268	0.05	1.0	1
2018-en-valence-train-305-2017-30073	0.9610000000000001	1.0	1
2018-en-valence-train-306-2017-31296	2.6290000000000004	2.0	1
2018-en-valence-train-307-2017-40740	-1.614	0.0	1
2018-en-valence-train-308-2017-40718	2.849	2.0	1
2018-en-valence-train-309-2017-31388	5.1339999999999995	1.0	1
2018-en-valence-train-310-2017-31507	5.556	1.0	1
2018-en-valence-train-311-2017-30491	-1.189	0.0	1
2018-en-valence-train-312-2017-20154	-0.9069999999999997	0.0	1
2018-en-valence-train-313-2017-30568	0.3710000000000001	0.0	1
2018-en-valence-train-314-2017-30693	0.45899999999999963	2.0	1
2018-en-valence-train-315-2017-40553	3.154	2.0	1
2018-en-valence-train-316-2017-31012	2.866	1.0	1
2018-en-valence-train-317-2017-30462	4.262	2.0	1
2018-en-valence-train-318-2017-30888	1.24	0.0	1
2018-en-valence-train-319-2017-30627	4.93	3.0	1
2018-en-valence-train-320-2017-31210	2.758	2.0	1
2018-en-valence-train-321-2017-31325	-0.6409999999999999	0.0	1
2018-en-valence-train-322-2017-21806	-4.421	0.0	1
2018-en-valence-train-323-2017-31249	11.464	4.0	1
2018-en-valence-train-324-2017-41186	5.678999999999999	1.0	1
2018-en-valence-train-325-2017-30560	2.4879999999999995	1.0	1
2018-en-valence-train-326-2017-31519	3.4599999999999995	1.0	1
2018-en-valence-train-327-2017-10989	1.2619999999999998	1.0	1
2018-en-valence-train-328-2017-31050	1.7759999999999996	0.0	1
2018-en-valence-train-329-2017-30209	6.7459999999999996	5.0	1
2018-en-valence-train-330-2017-30220	1.903	1.0	1
2018-en-valence-train-331-2017-30186	2.5349999999999997	0.0	1
2018-en-valence-train-332-2017-31576	-0.938	0.0	1
2018-en-valence-train-333-2017-31379	1.769	1.0	1
2018-en-valence-train-334-2017-31177	3.118	2.0	1
2018-en-valence-train-335-2017-31198	1.566	1.0	1
2018-en-valence-train-336-2017-30475	0.0	0.0	1
2018-en-valence-train-337-2017-30158	-2.084	0.0	1
2018-en-valence-train-338-2017-31280	2.2169999999999996	1.0	1
2018-en-valence-train-339-2017-21112	9.475999999999999	5.0	1
2018-en-valence-train-340-2017-10939	5.534	3.0	1
2018-en-valence-train-341-2017-41466	1.343	1.0	1
2018-en-valence-train-342-2017-21089	2.567	1.0	1
2018-en-valence-train-343-2017-30231	8.872	4.0	1
2018-en-valence-train-344-2017-30312	5.978	1.0	1
2018-en-valence-train-345-2017-31442	1.9099999999999997	1.0	1
2018-en-valence-train-346-2017-30406	1.297	1.0	1
2018-en-valence-train-347-2017-30076	11.722000000000001	5.0	1
2018-en-valence-train-348-2017-31310	5.714	2.0	1
2018-en-valence-train-349-2017-30915	0.843	0.0	1
2018-en-valence-train-350-2017-30241	-0.822	0.0	1
2018-en-valence-train-351-2017-30483	-1.1280000000000001	0.0	1
2018-en-valence-train-352-2017-30711	-4.096	0.0	1
2018-en-valence-train-353-2017-40523	-0.10999999999999985	2.0	1
2018-en-valence-train-354-2017-31191	2.716	1.0	1
2018-en-valence-train-355-2017-31360	11.889	6.0	1
2018-en-valence-train-356-2017-30347	-1.9620000000000004	1.0	1
2018-en-valence-train-357-2017-30453	-1.847	0.0	1
2018-en-valence-train-358-2017-30597	-0.2380000000000001	0.0	1
2018-en-valence-train-359-2017-30542	-1.625	0.0	1
2018-en-valence-train-360-2017-30054	0.44100000000000006	2.0	1
2018-en-valence-train-361-2017-31016	1.6409999999999998	1.0	1
2018-en-valence-train-362-2017-30329	2.988	1.0	1
2018-en-valence-train-363-2017-11678	0.5799999999999998	0.0	1
2018-en-valence-train-364-2017-31245	4.26	2.0	1
2018-en-valence-train-365-2017-30614	0.974	1.0	1
2018-en-valence-train-366-2017-30265	-4.606999999999999	0.0	1
2018-en-valence-train-367-2017-11466	1.9459999999999995	1.0	1
2018-en-valence-train-368-2017-30585	1.621	1.0	1
2018-en-valence-train-369-2017-30341	0.5470000000000002	0.0	1
2018-en-valence-train-370-2017-30497	-0.36800000000000077	2.0	1
2018-en-valence-train-371-2017-31306	0.16	0.0	1
2018-en-valence-train-372-2017-30226	1.583	2.0	1
2018-en-valence-train-373-2017-20031	-1.5230000000000004	0.0	1
2018-en-valence-train-374-2017-30999	-2.5810000000000004	0.0	1
2018-en-valence-train-375-2017-41368	-0.016000000000000125	0.0	1
2018-en-valence-train-376-2017-10186	-2.3619999999999997	1.0	1
2018-en-valence-train-377-2017-30755	6.219	3.0	1
2018-en-valence-train-378-2017-31252	0.007999999999999896	2.0	1
2018-en-valence-train-379-2017-30026	2.6799999999999997	1.0	1
2018-en-valence-train-380-2017-30380	3.855	1.0	1
2018-en-valence-train-381-2017-31023	1.5559999999999998	1.0	0
2018-en-valence-train-382-2017-30557	3.3480000000000003	1.0	0
2018-en-valence-train-383-2017-11129	0.6519999999999997	3.0	0
2018-en-valence-train-384-2017-31182	0.1399999999999999	0.0	0
2018-en-valence-train-385-2017-30629	2.175	0.0	0
2018-en-valence-train-386-2017-31615	0.4119999999999995	2.0	0
2018-en-valence-train-387-2017-31169	5.269	2.0	0
2018-en-valence-train-388-2017-30463	1.194	1.0	0
2018-en-valence-train-389-2017-31440	6.039	3.0	0
2018-en-valence-train-390-2017-40694	-0.31299999999999994	1.0	0
2018-en-valence-train-391-2017-31111	6.195000000000001	3.0	0
2018-en-valence-train-392-2017-30842	1.6789999999999998	1.0	0
2018-en-valence-train-393-2017-31437	4.029999999999999	2.0	0
2018-en-valence-train-394-2017-10582	-0.02200000000000024	1.0	0
2018-en-valence-train-395-2017-20805	0.649	2.0	0
2018-en-valence-train-396-2017-31403	3.6790000000000003	3.0	0
2018-en-valence-train-397-2017-31217	1.496	1.0	0
2018-en-valence-train-398-2017-30477	6.38	3.0	0
2018-en-valence-train-399-2017-30153	0.021999999999999992	0.0	0
2018-en-valence-train-400-2017-41038	-0.14700000000000024	1.0	0
2018-en-valence-train-401-2017-30405	3.9150000000000005	2.0	0
2018-en-valence-train-402-2017-10626	0.49400000000000005	0.0	0
2018-en-valence-train-403-2017-21121	4.339	3.0	0
2018-en-valence-train-404-2017-11269	-0.45399999999999985	0.0	0
2018-en-valence-train-405-2017-41166	-0.3829999999999999	0.0	0
2018-en-valence-train-406-2017-30487	2.5679999999999996	1.0	0
2018-en-valence-train-407-2017-10908	-5.744000000000001	0.0	0
2018-en-valence-train-408-2017-30355	0.572	1.0	0
2018-en-valence-train-409-2017-30381	-0.015999999999999875	0.0	0
2018-en-valence-train-410-2017-30503	-0.9990000000000006	1.0	0
2018-en-valence-train-411-2017-30414	3.4990000000000006	2.0	0
2018-en-valence-train-412-2017-30485	0.05300000000000003	0.0	0
2018-en-valence-train-413-2017-30248	0.9870000000000001	0.0	0
2018-en-valence-train-414-2017-30266	0.0	0.0	0
2018-en-valence-train-415-2017-10692	1.9250000000000003	1.0	0
2018-en-valence-train-416-2017-30722	-1.19	0.0	0
2018-en-valence-train-417-2017-21982	-2.093	1.0	0
2018-en-valence-train-418-2017-30833	-0.10799999999999998	0.0	0
2018-en-valence-train-419-2017-31596	1.7260000000000002	1.0	0
2018-en-valence-train-420-2017-40595	13.171000000000001	4.0	0
2018-en-valence-train-421-2017-30624	-1.026	0.0	0
2018-en-valence-train-422-2017-21082	1.281	1.0	0
2018-en-valence-train-423-2017-31341	-0.4119999999999999	0.0	0
2018-en-valence-train-424-2017-30228	2.204	0.0	0
2018-en-valence-train-425-2017-40758	6.4590000000000005	2.0	0
2018-en-valence-train-426-2017-10501	-0.42699999999999994	0.0	0
2018-en-valence-train-427-2017-31559	-0.6799999999999999	0.0	0
2018-en-valence-train-428-2017-21027	4.202	2.0	0
2018-en-valence-train-429-2017-30445	-0.982	0.0	0
2018-en-valence-train-430-2017-31366	3.0460000000000003	2.0	0
2018-en-valence-train-431-2017-40725	2.695999999999999	1.0	0
2018-en-valence-train-432-2017-31323	0.08100000000000028	0.0	0
2018-en-valence-train-433-2017-20831	-0.12200000000000011	0.0	0
2018-en-valence-train-434-2017-31527	0.6620000000000001	1.0	0
2018-en-valence-train-435-2017-41083	-1.6159999999999997	1.0	0
2018-en-valence-train-436-2017-31404	2.6470000000000002	2.0	0
2018-en-valence-train-437-2017-30377	3.8600000000000003	2.0	0
2018-en-valence-train-438-2017-11105	-0.08099999999999974	0.0	0
2018-en-valence-train-439-2017-10969	-1.8960000000000001	1.0	0
2018-en-valence-train-440-2017-20963	0.575	0.0	0
2018-en-valence-train-441-2017-11054	1.2659999999999998	1.0	0
2018-en-valence-train-442-2017-31248	-4.318999999999999	1.0	0
2018-en-valence-train-443-2017-30416	0.8280000000000001	1.0	0
2018-en-valence-train-444-2017-30521	0.8909999999999999	0.0	0
2018-en-valence-train-445-2017-30678	-0.6659999999999999	0.0	0
2018-en-valence-train-446-2017-20140	1.985	1.0	0
2018-en-valence-train-447-2017-30600	-0.6730000000000002	1.0	0
2018-en-valence-train-448-2017-20569	-3.948	0.0	0
2018-en-valence-train-449-2017-30635	1.885	0.0	0
2018-en-valence-train-450-2017-21305	-0.5889999999999999	1.0	0
2018-en-valence-train-451-2017-21188	1.55	0.0	0
2018-en-valence-train-452-2017-31326	0.40699999999999986	1.0	0
2018-en-valence-train-453-2017-31435	-1.166	0.0	0
2018-en-valence-train-454-2017-40814	1.9639999999999995	1.0	0
2018-en-valence-train-455-2017-30973	0.7150000000000001	0.0	0
2018-en-valence-train-456-2017-30664	-0.822	0.0	0
2018-en-valence-train-457-2017-31351	3.332	2.0	0
2018-en-valence-train-458-2017-41228	1.5219999999999998	1.0	0
2018-en-valence-train-459-2017-30402	3.043	1.0	0
2018-en-valence-train-460-2017-10685	2.3520000000000003	1.0	0
2018-en-valence-train-461-2017-31603	5.587	2.0	0
2018-en-valence-train-462-2017-21080	6.725	2.0	0
2018-en-valence-train-463-2017-30584	2.341	1.0	0
2018-en-valence-train-464-2017-41238	2.8950000000000005	3.0	0
2018-en-valence-train-465-2017-30566	3.238	0.0	0
2018-en-valence-train-466-2017-31234	-1.1150000000000002	0.0	0
2018-en-valence-train-467-2017-31475	3.473	2.0	0
2018-en-valence-train-468-2017-30745	0.06900000000000017	0.0	0
2018-en-valence-train-469-2017-30502	3.721	1.0	0
2018-en-valence-train-470-2017-30507	0.401	0.0	0
2018-en-valence-train-471-2017-41337	0.6960000000000003	1.0	0
2018-en-valence-train-472-2017-31178	1.6179999999999999	1.0	0
2018-en-valence-train-473-2017-31009	0.502	0.0	0
2018-en-valence-train-474-2017-31393	3.0030000000000006	1.0	0
2018-en-valence-train-475-2017-30939	2.281	2.0	0
2018-en-valence-train-476-2017-40621	5.13	5.0	0
2018-en-valence-train-477-2017-11515	2.8629999999999995	2.0	0
2018-en-valence-train-478-2017-30565	-0.935	1.0	0
2018-en-valence-train-479-2017-30391	-2.419000000000001	0.0	0
2018-en-valence-train-480-2017-30443	-0.5420000000000001	1.0	0
2018-en-valence-train-481-2017-30699	2.200000000000001	0.0	0
2018-en-valence-train-482-2017-20886	4.713000000000001	2.0	0
2018-en-valence-train-483-2017-30488	7.085	2.0	0
2018-en-valence-train-484-2017-31381	4.024000000000001	2.0	0
2018-en-valence-train-485-2017-40920	-2.0730000000000004	0.0	0
2018-en-valence-train-486-2017-31456	-0.432	0.0	0
2018-en-valence-train-487-2017-31186	-0.020999999999999956	0.0	0
2018-en-valence-train-488-2017-31352	0.751	0.0	0
2018-en-valence-train-489-2017-30492	0.5929999999999997	2.0	0
2018-en-valence-train-490-2017-10869	-3.0890000000000004	1.0	0
2018-en-valence-train-491-2017-31421	0.24799999999999986	0.0	0
2018-en-valence-train-492-2017-11699	1.9100000000000001	3.0	0
2018-en-valence-train-493-2017-11695	1.746	1.0	0
2018-en-valence-train-494-2017-41394	-1.153	0.0	0
2018-en-valence-train-495-2017-30917	3.495	1.0	0
2018-en-valence-train-496-2017-31026	0.19199999999999995	0.0	0
2018-en-valence-train-497-2017-31565	-1.3319999999999999	0.0	0
2018-en-valence-train-498-2017-41417	5.901999999999999	1.0	0
2018-en-valence-train-499-2017-30334	1.354	1.0	0
2018-en-valence-train-500-2017-30618	2.39	1.0	0
2018-en-valence-train-501-2017-11157	-0.7000000000000002	0.0	0
2018-en-valence-train-502-2017-21665	-4.969	0.0	0
2018-en-valence-train-503-2017-30876	3.7499999999999996	2.0	0
2018-en-valence-train-504-2017-31187	-2.039	0.0	0
2018-en-valence-train-505-2017-31263	-2.3260000000000005	0.0	0
2018-en-valence-train-506-2017-11016	-2.4120000000000004	1.0	0
2018-en-valence-train-507-2017-30540	3.8630000000000004	2.0	0
2018-en-valence-train-508-2017-31327	0.281	0.0	0
2018-en-valence-train-509-2017-30641	-0.11099999999999999	0.0	0
2018-en-valence-train-510-2017-40709	-1.13	0.0	0
2018-en-valence-train-511-2017-21420	-1.557	1.0	0
2018-en-valence-train-512-2017-20939	-0.5959999999999999	0.0	0
2018-en-valence-train-513-2017-41051	1.1969999999999996	2.0	0
2018-en-valence-train-514-2017-20315	-11.104	0.0	0
2018-en-valence-train-515-2017-30350	4.548	1.0	0
2018-en-valence-train-516-2017-30703	0.478	0.0	0
2018-en-valence-train-517-2017-31344	1.4010000000000002	1.0	0
2018-en-valence-train-518-2017-31258	2.084	1.0	0
2018-en-valence-train-519-2017-30267	2.74	1.0	0
2018-en-valence-train-520-2017-30269	-0.384	0.0	0
2018-en-valence-train-521-2017-30948	-2.1160000000000005	1.0	0
2018-en-valence-train-522-2017-30892	4.079999999999999	2.0	0
2018-en-valence-train-523-2017-41061	-1.911	1.0	0
2018-en-valence-train-524-2017-31070	-0.879	0.0	0
2018-en-valence-train-525-2017-21114	-4.309	0.0	0
2018-en-valence-train-526-2017-11321	2.491	1.0	0
2018-en-valence-train-527-2017-11020	0.42900000000000005	1.0	0
2018-en-valence-train-528-2017-31514	-1.178	1.0	0
2018-en-valence-train-529-2017-30655	1.039	0.0	0
2018-en-valence-train-530-2017-30365	0.47500000000000003	0.0	0
2018-en-valence-train-531-2017-30717	-2.18	0.0	0
2018-en-valence-train-532-2017-41388	1.076	1.0	0
2018-en-valence-train-533-2017-30337	-0.10800000000000005	0.0	0
2018-en-valence-train-534-2017-21471	-2.187	1.0	0
2018-en-valence-train-535-2017-30426	1.589	1.0	0
2018-en-valence-train-536-2017-30753	0.02000000000000013	0.0	0
2018-en-valence-train-537-2017-21086	2.116	1.0	0
2018-en-valence-train-538-2017-40579	-1.3790000000000002	0.0	0
2018-en-valence-train-539-2017-30604	0.21299999999999975	1.0	0
2018-en-valence-train-540-2017-31254	1.707	2.0	0
2018-en-valence-train-541-2017-11272	0.3700000000000001	0.0	0
2018-en-valence-train-542-2017-31512	6.779	4.0	0
2018-en-valence-train-543-2017-11636	3.002	2.0	0
2018-en-valence-train-544-2017-11626	1.2930000000000001	1.0	0
2018-en-valence-train-545-2017-20982	3.253	2.0	0
2018-en-valence-train-546-2017-31391	5.6979999999999995	1.0	0
2018-en-valence-train-547-2017-31304	0.25400000000000006	0.0	0
2018-en-valence-train-548-2017-30725	5.095999999999999	3.0	0
2018-en-valence-train-549-2017-30535	-0.07899999999999999	0.0	0
2018-en-valence-train-550-2017-30891	0.887	1.0	0
2018-en-valence-train-551-2017-30780	-1.6570000000000005	1.0	0
2018-en-valence-train-552-2017-41178	2.9159999999999995	1.0	0
2018-en-valence-train-553-2017-31566	0.7669999999999999	0.0	0
2018-en-valence-train-554-2017-30743	-2.036	0.0	0
2018-en-valence-train-555-2017-40771	-1.62	1.0	0
2018-en-valence-train-556-2017-30308	0.8889999999999999	0.0	0
2018-en-valence-train-557-2017-40632	-2.6609999999999996	0.0	0
2018-en-valence-train-558-2017-20037	-1.6149999999999998	1.0	0
2018-en-valence-train-559-2017-21647	0.8750000000000002	2.0	0
2018-en-valence-train-560-2017-21157	0.46499999999999997	0.0	0
2018-en-valence-train-561-2017-31359	0.5840000000000001	0.0	0
2018-en-valence-train-562-2017-31494	-0.17199999999999943	1.0	0
2018-en-valence-train-563-2017-20632	-2.9109999999999996	0.0	0
2018-en-valence-train-564-2017-30761	-0.796	1.0	0
2018-en-valence-train-565-2017-10512	0.06000000000000013	1.0	0
2018-en-valence-train-566-2017-30772	1.0939999999999999	1.0	0
2018-en-valence-train-567-2017-31515	1.207	0.0	0
2018-en-valence-train-568-2017-21892	1.1480000000000004	0.0	0
2018-en-valence-train-569-2017-31356	-1.8729999999999998	0.0	0
2018-en-valence-train-570-2017-40417	-6.01	0.0	0
2018-en-valence-train-571-2017-30748	1.7	1.0	0
2018-en-valence-train-572-2017-40537	1.7579999999999998	1.0	0
2018-en-valence-train-573-2017-30989	2.611	1.0	0
2018-en-valence-train-574-2017-21500	2.6239999999999997	0.0	0
2018-en-valence-train-575-2017-20944	0.778	0.0	0
2018-en-valence-train-576-2017-30626	0.988	0.0	0
2018-en-valence-train-577-2017-10643	-1.9429999999999998	0.0	0
2018-en-valence-train-578-2017-21014	0.10100000000000042	1.0	0
2018-en-valence-train-579-2017-30659	3.314	2.0	0
2018-en-valence-train-580-2017-11412	-2.534	0.0	0
2018-en-valence-train-581-2017-40303	-3.2040000000000006	1.0	0
2018-en-valence-train-582-2017-31538	2.6809999999999987	3.0	0
2018-en-valence-train-583-2017-30423	1.7599999999999998	0.0	0
2018-en-valence-train-584-2017-30668	0.6370000000000002	3.0	0
2018-en-valence-train-585-2017-30550	-1.396	0.0	0
2018-en-valence-train-586-2017-11505	-0.12000000000000001	0.0	0
2018-en-valence-train-587-2017-10807	-0.9219999999999999	0.0	0
2018-en-valence-train-588-2017-10629	0.016999999999999904	2.0	0
2018-en-valence-train-589-2017-20032	4.6610000000000005	2.0	0
2018-en-valence-train-590-2017-10800	0.545	0.0	0
2018-en-valence-train-591-2017-30735	-0.02100000000000024	0.0	0
2018-en-valence-train-592-2017-41239	1.7910000000000001	2.0	0
2018-en-valence-train-593-2017-30688	2.151	1.0	0
2018-en-valence-train-594-2017-40911	-0.06800000000000009	0.0	0
2018-en-valence-train-595-2017-31080	3.048	2.0	0
2018-en-valence-train-596-2017-41403	-0.6000000000000001	0.0	0
2018-en-valence-train-597-2017-41283	-6.655	0.0	0
2018-en-valence-train-598-2017-30551	3.7429999999999994	2.0	0
2018-en-valence-train-599-2017-30527	3.328	1.0	0
2018-en-valence-train-600-2017-40689	6.41	3.0	0
2018-en-valence-train-601-2017-30262	4.319	1.0	0
2018-en-valence-train-602-2017-11064	4.474	2.0	0
2018-en-valence-train-603-2017-10599	1.4359999999999997	1.0	0
2018-en-valence-train-604-2017-21572	2.2239999999999998	1.0	0
2018-en-valence-train-605-2017-40680	-0.651	0.0	0
2018-en-valence-train-606-2017-11619	-3.157	0.0	0
2018-en-valence-train-607-2017-40586	-0.9750000000000001	0.0	0
2018-en-valence-train-608-2017-40929	-11.046999999999999	0.0	0
2018-en-valence-train-609-2017-30795	-2.261	0.0	0
2018-en-valence-train-610-2017-30636	1.0190000000000001	0.0	0
2018-en-valence-train-611-2017-21437	1.9839999999999995	1.0	0
2018-en-valence-train-612-2017-40987	-0.9430000000000001	0.0	0
2018-en-valence-train-613-2017-30595	2.0650000000000004	1.0	0
2018-en-valence-train-614-2017-31025	-1.7889999999999997	2.0	0
2018-en-valence-train-615-2017-31163	1.535	2.0	0
2018-en-valence-train-616-2017-22157	-2.101	0.0	0
2018-en-valence-train-617-2017-40954	-0.473	0.0	0
2018-en-valence-train-618-2017-21084	-1.838	0.0	0
2018-en-valence-train-619-2017-31536	-0.687	0.0	0
2018-en-valence-train-620-2017-31600	-0.166	0.0	0
2018-en-valence-train-621-2017-22205	-4.722999999999999	1.0	0
2018-en-valence-train-622-2017-10739	1.186	0.0	0
2018-en-valence-train-623-2017-31118	0.004000000000000115	1.0	0
2018-en-valence-train-624-2017-31175	-2.205	0.0	0
2018-en-valence-train-625-2017-30705	-0.05	0.0	0
2018-en-valence-train-626-2017-11485	-0.09800000000000009	0.0	0
2018-en-valence-train-627-2017-30758	-0.46699999999999986	0.0	0
2018-en-valence-train-628-2017-31207	2.7720000000000002	1.0	0
2018-en-valence-train-629-2017-21501	0.815	0.0	0
2018-en-valence-train-630-2017-30631	2.087	1.0	0
2018-en-valence-train-631-2017-41527	1.6179999999999994	1.0	0
2018-en-valence-train-632-2017-30730	1.44	0.0	0
2018-en-valence-train-633-2017-11002	0.09099999999999997	1.0	0
2018-en-valence-train-634-2017-10608	-4.523999999999999	0.0	0
2018-en-valence-train-635-2017-31223	2.534	0.0	0
2018-en-valence-train-636-2017-40654	-0.879	0.0	0
2018-en-valence-train-637-2017-41520	-3.553	1.0	0
2018-en-valence-train-638-2017-20374	-0.7250000000000001	2.0	0
2018-en-valence-train-639-2017-40964	-4.822	0.0	0
2018-en-valence-train-640-2017-11394	0.18599999999999972	1.0	0
2018-en-valence-train-641-2017-40592	-0.405	1.0	0
2018-en-valence-train-642-2017-30667	-2.37	0.0	0
2018-en-valence-train-643-2017-31028	-0.5349999999999999	1.0	0
2018-en-valence-train-644-2017-10912	-1.137	1.0	0
2018-en-valence-train-645-2017-30995	2.8480000000000003	3.0	0
2018-en-valence-train-646-2017-31487	1.434	1.0	0
2018-en-valence-train-647-2017-41393	1.6800000000000002	1.0	0
2018-en-valence-train-648-2017-31230	-4.278	0.0	0
2018-en-valence-train-649-2017-31525	4.265	3.0	0
2018-en-valence-train-650-2017-21322	0.988	0.0	0
2018-en-valence-train-651-2017-31363	1.3130000000000002	1.0	0
2018-en-valence-train-652-2017-21571	0.06399999999999961	1.0	0
2018-en-valence-train-653-2017-31002	2.375	1.0	0
2018-en-valence-train-654-2017-10356	-0.8670000000000009	2.0	0
2018-en-valence-train-655-2017-30559	-1.0170000000000001	0.0	0
2018-en-valence-train-656-2017-20899	0.937	1.0	0
2018-en-valence-train-657-2017-10348	-1.824	0.0	0
2018-en-valence-train-658-2017-41060	1.6010000000000004	1.0	0
2018-en-valence-train-659-2017-31264	3.9570000000000003	1.0	0
2018-en-valence-train-660-2017-30965	0.19600000000000006	0.0	0
2018-en-valence-train-661-2017-11320	2.491	1.0	0
2018-en-valence-train-662-2017-40939	4.143000000000001	2.0	0
2018-en-valence-train-663-2017-31340	-1.923	0.0	0
2018-en-valence-train-664-2017-20881	-0.481	0.0	0
2018-en-valence-train-665-2017-30710	0.14100000000000001	0.0	0
2018-en-valence-train-666-2017-20663	-1.824	0.0	0
2018-en-valence-train-667-2017-30981	-0.7489999999999999	1.0	0
2018-en-valence-train-668-2017-30810	-1.862	0.0	0
2018-en-valence-train-669-2017-21895	-1.4450000000000003	0.0	0
2018-en-valence-train-670-2017-31469	2.25	1.0	0
2018-en-valence-train-671-2017-10419	-2.982	0.0	0
2018-en-valence-train-672-2017-40548	-3.642	0.0	0
2018-en-valence-train-673-2017-40582	-0.35899999999999943	1.0	0
2018-en-valence-train-674-2017-30676	-1.2309999999999999	0.0	0
2018-en-valence-train-675-2017-41035	0.16099999999999992	0.0	0
2018-en-valence-train-676-2017-31529	0.2	0.0	0
2018-en-valence-train-677-2017-40531	-0.5590000000000002	0.0	0
2018-en-valence-train-678-2017-11346	-3.297999999999999	1.0	0
2018-en-valence-train-679-2017-10507	-4.814	0.0	0
2018-en-valence-train-680-2017-21891	-9.086000000000002	0.0	0
2018-en-valence-train-681-2017-30837	-0.07	0.0	0
2018-en-valence-train-682-2017-41402	-1.2689999999999997	0.0	0
2018-en-valence-train-683-2017-11443	0.25799999999999995	0.0	0
2018-en-valence-train-684-2017-30648	-4.456	0.0	0
2018-en-valence-train-685-2017-11535	0.687	1.0	0
2018-en-valence-train-686-2017-10448	-3.279	0.0	0
2018-en-valence-train-687-2017-30616	0.9350000000000002	0.0	0
2018-en-valence-train-688-2017-22151	-0.22600000000000003	1.0	0
2018-en-valence-train-689-2017-30697	-0.9349999999999999	1.0	0
2018-en-valence-train-690-2017-10347	0.264	0.0	0
2018-en-valence-train-691-2017-31273	-1.6039999999999999	0.0	0
2018-en-valence-train-692-2017-20493	-0.19600000000000023	0.0	0
2018-en-valence-train-693-2017-21244	1.8070000000000002	2.0	0
2018-en-valence-train-694-2017-21361	1.7040000000000002	1.0	0
2018-en-valence-train-695-2017-40386	-2.4800000000000004	1.0	0
2018-en-valence-train-696-2017-30695	0.5710000000000001	0.0	0
2018-en-valence-train-697-2017-11489	-0.4459999999999999	0.0	0
2018-en-valence-train-698-2017-30700	-1.3610000000000002	0.0	0
2018-en-valence-train-699-2017-40356	2.291	2.0	0
2018-en-valence-train-700-2017-30574	4.266	2.0	0
2018-en-valence-train-701-2017-31502	-0.3389999999999995	1.0	0
2018-en-valence-train-702-2017-22150	-11.043999999999999	0.0	0
2018-en-valence-train-703-2017-31426	0.3409999999999999	0.0	0
2018-en-valence-train-704-2017-21866	-0.9009999999999999	0.0	0
2018-en-valence-train-705-2017-30719	-2.282	0.0	0
2018-en-valence-train-706-2017-31307	1.325	0.0	0
2018-en-valence-train-707-2017-40613	-0.867	0.0	0
2018-en-valence-train-708-2017-21477	-1.0079999999999998	0.0	0
2018-en-valence-train-709-2017-30980	-0.7489999999999999	1.0	0
2018-en-valence-train-710-2017-10823	-1.602	0.0	0
2018-en-valence-train-711-2017-21593	-0.6639999999999997	1.0	0
2018-en-valence-train-712-2017-41295	-0.229	0.0	0
2018-en-valence-train-713-2017-10457	-0.3920000000000001	0.0	0
2018-en-valence-train-714-2017-21644	-3.3059999999999996	0.0	0
2018-en-valence-train-715-2017-30762	-4.885999999999998	0.0	0
2018-en-valence-train-716-2017-11429	1.1009999999999995	1.0	0
2018-en-valence-train-717-2017-30831	3.6260000000000003	1.0	0
2018-en-valence-train-718-2017-30747	0.6169999999999998	1.0	0
2018-en-valence-train-719-2017-40522	1.088	0.0	0
2018-en-valence-train-720-2017-20804	-3.968	0.0	0
2018-en-valence-train-721-2017-10308	-1.024	0.0	-1
2018-en-valence-train-722-2017-10614	-2.012	0.0	-1
2018-en-valence-train-723-2017-11083	-5.914	1.0	-1
2018-en-valence-train-724-2017-30602	-0.4660000000000001	2.0	-1
2018-en-valence-train-725-2017-30820	-2.7989999999999995	0.0	-1
2018-en-valence-train-726-2017-20857	-2.5999999999999996	1.0	-1
2018-en-valence-train-727-2017-10265	-1.7079999999999997	0.0	-1
2018-en-valence-train-728-2017-31554	3.8280000000000003	2.0	-1
2018-en-valence-train-729-2017-30822	-3.3679999999999994	0.0	-1
2018-en-valence-train-730-2017-30650	0.036000000000000004	0.0	-1
2018-en-valence-train-731-2017-20839	0.6509999999999998	0.0	-1
2018-en-valence-train-732-2017-10637	-3.056	1.0	-1
2018-en-valence-train-733-2017-40820	-1.6079999999999994	1.0	-1
2018-en-valence-train-734-2017-10339	-7.516	0.0	-1
2018-en-valence-train-735-2017-21495	0.04600000000000004	0.0	-1
2018-en-valence-train-736-2017-11268	-0.15400000000000008	0.0	-1
2018-en-valence-train-737-2017-10566	-1.6409999999999998	1.0	-1
2018-en-valence-train-738-2017-30505	1.9019999999999997	1.0	-1
2018-en-valence-train-739-2017-21884	1.1389999999999998	1.0	-1
2018-en-valence-train-740-2017-10716	-2.3000000000000007	2.0	-1
2018-en-valence-train-741-2017-11588	-3.42	0.0	-1
2018-en-valence-train-742-2017-40426	-3.395	0.0	-1
2018-en-valence-train-743-2017-30662	-1.509	1.0	-1
2018-en-valence-train-744-2017-40588	-1.5870000000000002	2.0	-1
2018-en-valence-train-745-2017-30921	-1.8240000000000003	0.0	-1
2018-en-valence-train-746-2017-20518	-4.971	0.0	-1
2018-en-valence-train-747-2017-41205	-0.33699999999999997	1.0	-1
2018-en-valence-train-748-2017-31000	-3.2090000000000005	1.0	-1
2018-en-valence-train-749-2017-20168	-4.363	0.0	-1
2018-en-valence-train-750-2017-10580	1.677	1.0	-1
2018-en-valence-train-751-2017-41146	-0.383	0.0	-1
2018-en-valence-train-752-2017-11025	-4.569000000000001	0.0	-1
2018-en-valence-train-753-2017-30637	-1.5330000000000001	1.0	-1
2018-en-valence-train-754-2017-20384	-2.2800000000000002	0.0	-1
2018-en-valence-train-755-2017-41214	-2.17	0.0	-1
2018-en-valence-train-756-2017-20696	-0.8260000000000001	0.0	-1
2018-en-valence-train-757-2017-30393	-1.0179999999999998	0.0	-1
2018-en-valence-train-758-2017-10133	-0.011999999999999955	0.0	-1
2018-en-valence-train-759-2017-22217	-2.339	0.0	-1
2018-en-valence-train-760-2017-30570	2.181	0.0	-1
2018-en-valence-train-761-2017-21567	0.5109999999999999	0.0	-1
2018-en-valence-train-762-2017-40099	-0.29899999999999993	0.0	-1
2018-en-valence-train-763-2017-40639	-0.7270000000000001	0.0	-1
2018-en-valence-train-764-2017-20522	-0.506	0.0	-1
2018-en-valence-train-765-2017-31098	-3.2019999999999995	0.0	-1
2018-en-valence-train-766-2017-20219	-2.22	0.0	-1
2018-en-valence-train-767-2017-20327	-1.581	0.0	-1
2018-en-valence-train-768-2017-40755	0.75	0.0	-1
2018-en-valence-train-769-2017-40570	-1.37	0.0	-1
2018-en-valence-train-770-2017-10761	-0.8219999999999998	0.0	-1
2018-en-valence-train-771-2017-31533	1.016	1.0	-1
2018-en-valence-train-772-2017-30732	1.2230000000000003	1.0	-1
2018-en-valence-train-773-2017-20264	2.3699999999999997	1.0	-1
2018-en-valence-train-774-2017-10239	-2.66	0.0	-1
2018-en-valence-train-775-2017-40661	0.05200000000000002	0.0	-1
2018-en-valence-train-776-2017-41262	5.182	4.0	-1
2018-en-valence-train-777-2017-30720	0.8439999999999999	0.0	-1
2018-en-valence-train-778-2017-21901	1.3450000000000002	1.0	-1
2018-en-valence-train-779-2017-11475	0.437	0.0	-1
2018-en-valence-train-780-2017-31532	-0.353	0.0	-1
2018-en-valence-train-781-2017-31311	-0.8740000000000002	0.0	-1
2018-en-valence-train-782-2017-10365	-2.053	0.0	-1
2018-en-valence-train-783-2017-21800	1.1530000000000005	2.0	-1
2018-en-valence-train-784-2017-31147	-0.7670000000000001	0.0	-1
2018-en-valence-train-785-2017-10250	0.38899999999999996	0.0	-1
2018-en-valence-train-786-2017-30789	-0.889	0.0	-1
2018-en-valence-train-787-2017-21582	0.11399999999999999	0.0	-1
2018-en-valence-train-788-2017-10778	0.42800000000000005	0.0	-1
2018-en-valence-train-789-2017-22155	-3.665	0.0	-1
2018-en-valence-train-790-2017-30552	-2.0269999999999997	0.0	-1
2018-en-valence-train-791-2017-30859	5.706	2.0	-1
2018-en-valence-train-792-2017-40491	-1.228	0.0	-1
2018-en-valence-train-793-2017-40472	-1.95	0.0	-1
2018-en-valence-train-794-2017-21335	-1.5839999999999999	0.0	-1
2018-en-valence-train-795-2017-11408	1.972	1.0	-1
2018-en-valence-train-796-2017-10431	-7.331999999999999	0.0	-1
2018-en-valence-train-797-2017-10744	4.600999999999999	2.0	-1
2018-en-valence-train-798-2017-10760	1.746	1.0	-1
2018-en-valence-train-799-2017-30528	1.997	1.0	-2
2018-en-valence-train-800-2017-21357	-0.6459999999999999	0.0	-2
2018-en-valence-train-801-2017-20918	-4.783	0.0	-2
2018-en-valence-train-802-2017-20726	2.361	2.0	-2
2018-en-valence-train-803-2017-40904	-3.5660000000000003	0.0	-2
2018-en-valence-train-804-2017-31520	-2.018	0.0	-2
2018-en-valence-train-805-2017-41505	0.645	1.0	-2
2018-en-valence-train-806-2017-21814	-2.3200000000000003	0.0	-2
2018-en-valence-train-807-2017-40561	-2.7950000000000004	0.0	-2
2018-en-valence-train-808-2017-40457	-0.9659999999999999	0.0	-2
2018-en-valence-train-809-2017-21033	1.905	2.0	-2
2018-en-valence-train-810-2017-30739	-2.913	0.0	-2
2018-en-valence-train-811-2017-21318	-1.9760000000000004	0.0	-2
2018-en-valence-train-812-2017-30714	-0.42600000000000005	0.0	-2
2018-en-valence-train-813-2017-20623	-0.8360000000000003	1.0	-2
2018-en-valence-train-814-2017-20407	-0.7779999999999997	1.0	-2
2018-en-valence-train-815-2017-30832	-0.012999999999999942	0.0	-2
2018-en-valence-train-816-2017-11413	-3.725	0.0	-2
2018-en-valence-train-817-2017-30898	-1.383	2.0	-2
2018-en-valence-train-818-2017-20620	-4.24	0.0	-2
2018-en-valence-train-819-2017-21272	-2.8609999999999993	0.0	-2
2018-en-valence-train-820-2017-30843	3.728	1.0	-2
2018-en-valence-train-821-2017-31470	7.25	2.0	-2
2018-en-valence-train-822-2017-20593	-0.06	0.0	-2
2018-en-valence-train-823-2017-10379	-5.202999999999999	0.0	-2
2018-en-valence-train-824-2017-31465	0.40900000000000003	0.0	-2
2018-en-valence-train-825-2017-21676	-7.175999999999999	0.0	-2
2018-en-valence-train-826-2017-22001	0.0	0.0	-2
2018-en-valence-train-827-2017-11244	2.003	1.0	-2
2018-en-valence-train-828-2017-40372	-5.452999999999999	0.0	-2
2018-en-valence-train-829-2017-20309	-2.477	0.0	-2
2018-en-valence-train-830-2017-31243	-3.4970000000000003	0.0	-2
2018-en-valence-train-831-2017-11279	-1.8280000000000005	0.0	-2
2018-en-valence-train-832-2017-10749	0.942	0.0	-2
2018-en-valence-train-833-2017-30576	0.9650000000000001	0.0	-2
2018-en-valence-train-834-2017-10255	-3.167	0.0	-2
2018-en-valence-train-835-2017-20338	-2.6320000000000006	0.0	-2
2018-en-valence-train-836-2017-31473	-3.552	0.0	-2
2018-en-valence-train-837-2017-10786	0.4520000000000002	2.0	-2
2018-en-valence-train-838-2017-40050	1.495	1.0	-2
2018-en-valence-train-839-2017-40080	-1.6740000000000002	0.0	-2
2018-en-valence-train-840-2017-40585	-0.12200000000000011	1.0	-2
2018-en-valence-train-841-2017-10509	1.2990000000000002	1.0	-2
2018-en-valence-train-842-2017-41145	0.818	1.0	-2
2018-en-valence-train-843-2017-10422	-2.67	0.0	-2
2018-en-valence-train-844-2017-11224	-14.975000000000001	0.0	-2
2018-en-valence-train-845-2017-11516	-1.792	1.0	-2
2018-en-valence-train-846-2017-40502	-1.2720000000000002	0.0	-2
2018-en-valence-train-847-2017-10583	0.4149999999999999	0.0	-2
2018-en-valence-train-848-2017-21851	-4.863999999999999	1.0	-2
2018-en-valence-train-849-2017-20933	2.475	2.0	-2
2018-en-valence-train-850-2017-41372	0.29700000000000004	0.0	-2
2018-en-valence-train-851-2017-40927	-1.0839999999999999	0.0	-2
2018-en-valence-train-852-2017-30531	0.5940000000000001	1.0	-2
2018-en-valence-train-853-2017-41287	-2.3200000000000007	0.0	-2
2018-en-valence-train-854-2017-30769	-1.783	0.0	-2
2018-en-valence-train-855-2017-20410	-7.245000000000001	0.0	-2
2018-en-valence-train-856-2017-10286	-2.9840000000000004	0.0	-2
2018-en-valence-train-857-2017-40294	0.007000000000000339	0.0	-2
2018-en-valence-train-858-2017-30536	-1.5470000000000002	0.0	-2
2018-en-valence-train-859-2017-20600	-8.471	0.0	-2
2018-en-valence-train-860-2017-10434	-7.002	1.0	-2
2018-en-valence-train-861-2017-20618	-0.9890000000000001	1.0	-2
2018-en-valence-train-862-2017-21966	-0.6769999999999998	0.0	-2
2018-en-valence-train-863-2017-21384	-0.7390000000000001	0.0	-2
2018-en-valence-train-864-2017-30815	-1.9559999999999997	0.0	-2
2018-en-valence-train-865-2017-10259	-7.571999999999999	1.0	-2
2018-en-valence-train-866-2017-21491	1.6629999999999998	1.0	-2
2018-en-valence-train-867-2017-41315	-0.8359999999999999	1.0	-2
2018-en-valence-train-868-2017-10697	0.048000000000000015	0.0	-2
2018-en-valence-train-869-2017-40379	-1.1320000000000001	0.0	-2
2018-en-valence-train-870-2017-10067	-0.7449999999999999	0.0	-2
2018-en-valence-train-871-2017-20134	-1.699	0.0	-2
2018-en-valence-train-872-2017-31334	-1.4729999999999996	1.0	-2
2018-en-valence-train-873-2017-30628	-0.797	0.0	-2
2018-en-valence-train-874-2017-11529	-0.881	0.0	-2
2018-en-valence-train-875-2017-40234	-0.724	1.0	-2
2018-en-valence-train-876-2017-31301	-2.399	0.0	-2
2018-en-valence-train-877-2017-20711	-2.215	0.0	-2
2018-en-valence-train-878-2017-20885	-1.7680000000000002	0.0	-2
2018-en-valence-train-879-2017-20697	-9.422	0.0	-2
2018-en-valence-train-880-2017-20025	-0.331	0.0	-2
2018-en-valence-train-881-2017-11424	-2.5149999999999997	1.0	-2
2018-en-valence-train-882-2017-21863	1.8770000000000002	1.0	-2
2018-en-valence-train-883-2017-30594	-2.473	0.0	-2
2018-en-valence-train-884-2017-41470	0.8089999999999999	0.0	-2
2018-en-valence-train-885-2017-21945	-1.9489999999999998	0.0	-2
2018-en-valence-train-886-2017-41477	-2.5090000000000003	1.0	-2
2018-en-valence-train-887-2017-40751	1.218	0.0	-2
2018-en-valence-train-888-2017-10298	1.169	1.0	-2
2018-en-valence-train-889-2017-40076	-1.212	0.0	-2
2018-en-valence-train-890-2017-41194	10.93	3.0	-2
2018-en-valence-train-891-2017-30708	0.76	1.0	-2
2018-en-valence-train-892-2017-11387	-1.02	1.0	-2
2018-en-valence-train-893-2017-30750	0.21000000000000002	0.0	-2
2018-en-valence-train-894-2017-40406	2.8469999999999995	3.0	-2
2018-en-valence-train-895-2017-10442	-2.35	1.0	-2
2018-en-valence-train-896-2017-20408	-2.246	0.0	-2
2018-en-valence-train-897-2017-21729	-1.526	0.0	-2
2018-en-valence-train-898-2017-40055	1.168	1.0	-2
2018-en-valence-train-899-2017-30744	-0.3080000000000001	1.0	-2
2018-en-valence-train-900-2017-11206	-3.159	0.0	-2
2018-en-valence-train-901-2017-20284	-2.455	0.0	-2
2018-en-valence-train-902-2017-40184	-1.419	0.0	-2
2018-en-valence-train-903-2017-20118	-2.3000000000000003	0.0	-2
2018-en-valence-train-904-2017-11398	0.589	0.0	-2
2018-en-valence-train-905-2017-11453	1.9300000000000002	1.0	-2
2018-en-valence-train-906-2017-31157	-1.2229999999999999	0.0	-2
2018-en-valence-train-907-2017-30654	1.2300000000000002	1.0	-2
2018-en-valence-train-908-2017-20103	-0.18900000000000033	1.0	-2
2018-en-valence-train-909-2017-10399	-3.5380000000000003	0.0	-2
2018-en-valence-train-910-2017-10199	-0.893	0.0	-2
2018-en-valence-train-911-2017-10320	-3.6340000000000003	0.0	-2
2018-en-valence-train-912-2017-11175	-1.76	0.0	-2
2018-en-valence-train-913-2017-30786	2.04	1.0	-2
2018-en-valence-train-914-2017-21717	-0.4750000000000001	0.0	-2
2018-en-valence-train-915-2017-20775	-12.224	0.0	-2
2018-en-valence-train-916-2017-10893	-6.301	0.0	-2
2018-en-valence-train-917-2017-40324	-1.3170000000000002	1.0	-2
2018-en-valence-train-918-2017-22193	-2.454	0.0	-2
2018-en-valence-train-919-2017-10373	0.11000000000000021	0.0	-2
2018-en-valence-train-920-2017-30461	-5.595000000000001	0.0	-2
2018-en-valence-train-921-2017-40983	3.5069999999999997	1.0	-2
2018-en-valence-train-922-2017-31183	0.1399999999999999	0.0	-2
2018-en-valence-train-923-2017-10278	-0.912	0.0	-2
2018-en-valence-train-924-2017-10285	-1.9520000000000002	0.0	-2
2018-en-valence-train-925-2017-20440	-0.32899999999999996	0.0	-2
2018-en-valence-train-926-2017-41001	-2.489	0.0	-2
2018-en-valence-train-927-2017-40638	0.817	1.0	-2
2018-en-valence-train-928-2017-31405	1.093	1.0	-2
2018-en-valence-train-929-2017-20423	-7.0489999999999995	0.0	-2
2018-en-valence-train-930-2017-21627	-10.220999999999998	0.0	-2
2018-en-valence-train-931-2017-40974	-4.233	0.0	-2
2018-en-valence-train-932-2017-21989	-4.9719999999999995	0.0	-2
2018-en-valence-train-933-2017-31079	-2.8930000000000002	0.0	-2
2018-en-valence-train-934-2017-11340	-1.1480000000000001	0.0	-2
2018-en-valence-train-935-2017-41396	-2.7750000000000004	0.0	-2
2018-en-valence-train-936-2017-10462	-1.67	0.0	-2
2018-en-valence-train-937-2017-31531	-2.055999999999999	3.0	-2
2018-en-valence-train-938-2017-21875	0.2320000000000001	1.0	-2
2018-en-valence-train-939-2017-20059	-2.368	0.0	-2
2018-en-valence-train-940-2017-10106	-0.107	0.0	-2
2018-en-valence-train-941-2017-21352	0.2639999999999999	1.0	-2
2018-en-valence-train-942-2017-30767	1.8770000000000002	1.0	-2
2018-en-valence-train-943-2017-21867	-1.2309999999999997	0.0	-2
2018-en-valence-train-944-2017-40210	-6.577	0.0	-2
2018-en-valence-train-945-2017-31126	0.34999999999999964	1.0	-2
2018-en-valence-train-946-2017-10084	-2.7849999999999997	0.0	-2
2018-en-valence-train-947-2017-30800	0.10100000000000009	0.0	-2
2018-en-valence-train-948-2017-11104	1.0019999999999998	1.0	-2
2018-en-valence-train-949-2017-11554	-1.605	0.0	-2
2018-en-valence-train-950-2017-40404	-6.990999999999999	0.0	-2
2018-en-valence-train-951-2017-10460	-1.968	0.0	-2
2018-en-valence-train-952-2017-41419	-4.0040000000000004	0.0	-2
2018-en-valence-train-953-2017-11276	-4.622	0.0	-2
2018-en-valence-train-954-2017-10490	-4.964	0.0	-2
2018-en-valence-train-955-2017-10302	-3.181	0.0	-2
2018-en-valence-train-956-2017-10138	-1.675	0.0	-2
2018-en-valence-train-957-2017-11477	-1.524	0.0	-2
2018-en-valence-train-958-2017-11670	-5.972	0.0	-2
2018-en-valence-train-959-2017-40312	-1.4470000000000005	0.0	-2
2018-en-valence-train-960-2017-40429	-2.887	0.0	-2
2018-en-valence-train-961-2017-40518	-0.5770000000000002	0.0	-2
2018-en-valence-train-962-2017-31294	-5.291999999999999	0.0	-2
2018-en-valence-train-963-2017-11426	-1.4809999999999999	0.0	-2
2018-en-valence-train-964-2017-21645	-3.218	1.0	-2
2018-en-valence-train-965-2017-21518	-0.004000000000000115	0.0	-2
2018-en-valence-train-966-2017-30691	-2.9019999999999997	0.0	-2
2018-en-valence-train-967-2017-40358	-1.484	1.0	-2
2018-en-valence-train-968-2017-40254	-1.3159999999999998	2.0	-2
2018-en-valence-train-969-2017-21150	0.37399999999999967	1.0	-2
2018-en-valence-train-970-2017-10153	-1.1650000000000003	0.0	-2
2018-en-valence-train-971-2017-10496	-6.071000000000001	0.0	-2
2018-en-valence-train-972-2017-40154	-0.22000000000000003	0.0	-2
2018-en-valence-train-973-2017-11514	-0.131	0.0	-2
2018-en-valence-train-974-2017-20399	-4.56	1.0	-2
2018-en-valence-train-975-2017-20456	-4.17	0.0	-2
2018-en-valence-train-976-2017-10522	-1.295	0.0	-2
2018-en-valence-train-977-2017-41183	-7.766	0.0	-2
2018-en-valence-train-978-2017-21917	-1.0200000000000002	0.0	-2
2018-en-valence-train-979-2017-22073	0.465	0.0	-2
2018-en-valence-train-980-2017-10096	0.36600000000000016	0.0	-2
2018-en-valence-train-981-2017-21961	-0.405	0.0	-2
2018-en-valence-train-982-2017-10454	-8.906	0.0	-2
2018-en-valence-train-983-2017-20998	-2.9909999999999997	0.0	-2
2018-en-valence-train-984-2017-31290	-9.298000000000004	1.0	-2
2018-en-valence-train-985-2017-30884	-9.016	0.0	-2
2018-en-valence-train-986-2017-20754	-4.256	0.0	-2
2018-en-valence-train-987-2017-10280	-3.9770000000000003	0.0	-2
2018-en-valence-train-988-2017-21222	0.81	0.0	-2
2018-en-valence-train-989-2017-10012	-2.228	1.0	-2
2018-en-valence-train-990-2017-21289	-2.2669999999999995	3.0	-2
2018-en-valence-train-991-2017-10395	-0.2270000000000001	0.0	-2
2018-en-valence-train-992-2017-40957	3.0410000000000004	1.0	-2
2018-en-valence-train-993-2017-20199	-1.9040000000000004	0.0	-2
2018-en-valence-train-994-2017-11160	-1.4920000000000004	0.0	-2
2018-en-valence-train-995-2017-40121	-0.6549999999999995	2.0	-2
2018-en-valence-train-996-2017-20462	-8.370000000000001	0.0	-2
2018-en-valence-train-997-2017-11217	-2.9619999999999997	0.0	-2
2018-en-valence-train-998-2017-11229	-2.159	1.0	-2
2018-en-valence-train-999-2017-11042	-1.501	0.0	-2
2018-en-valence-train-1000-2017-10362	3.285	1.0	-2
2018-en-valence-train-1001-2017-21375	-0.363	0.0	-2
2018-en-valence-train-1002-2017-11390	0.7769999999999999	1.0	-2
2018-en-valence-train-1003-2017-10978	-4.816999999999999	0.0	-2
2018-en-valence-train-1004-2017-31086	-6.244	1.0	-2
2018-en-valence-train-1005-2017-21147	0.7310000000000001	0.0	-2
2018-en-valence-train-1006-2017-10541	-3.259	0.0	-2
2018-en-valence-train-1007-2017-30801	-2.64	0.0	-2
2018-en-valence-train-1008-2017-11682	-1.727	0.0	-2
2018-en-valence-train-1009-2017-20360	-0.4680000000000001	0.0	-2
2018-en-valence-train-1010-2017-41277	-2.377	0.0	-2
2018-en-valence-train-1011-2017-20861	-5.372999999999999	0.0	-2
2018-en-valence-train-1012-2017-41341	2.853	1.0	-2
2018-en-valence-train-1013-2017-21979	-2.2869999999999986	1.0	-2
2018-en-valence-train-1014-2017-10907	1.467	0.0	-2
2018-en-valence-train-1015-2017-11342	-1.991	0.0	-2
2018-en-valence-train-1016-2017-41255	-0.393	0.0	-2
2018-en-valence-train-1017-2017-40059	-5.655	0.0	-2
2018-en-valence-train-1018-2017-10358	-4.899	0.0	-2
2018-en-valence-train-1019-2017-21557	-0.908	0.0	-2
2018-en-valence-train-1020-2017-21670	-5.986999999999999	0.0	-2
2018-en-valence-train-1021-2017-11152	-2.5480000000000005	1.0	-2
2018-en-valence-train-1022-2017-40226	-1.796	1.0	-2
2018-en-valence-train-1023-2017-41215	1.571	2.0	-2
2018-en-valence-train-1024-2017-40052	-2.5279999999999996	0.0	-2
2018-en-valence-train-1025-2017-10325	2.9379999999999997	2.0	-2
2018-en-valence-train-1026-2017-40969	-0.348	0.0	-2
2018-en-valence-train-1027-2017-20929	-7.779999999999999	0.0	-2
2018-en-valence-train-1028-2017-30775	-1.019	0.0	-2
2018-en-valence-train-1029-2017-11648	1.4009999999999998	0.0	-2
2018-en-valence-train-1030-2017-40190	-1.559	0.0	-2
2018-en-valence-train-1031-2017-40498	-1.0150000000000001	0.0	-2
2018-en-valence-train-1032-2017-40273	-0.515	1.0	-2
2018-en-valence-train-1033-2017-41141	-1.085	0.0	-2
2018-en-valence-train-1034-2017-21946	-2.021	0.0	-2
2018-en-valence-train-1035-2017-40320	-4.920999999999999	0.0	-2
2018-en-valence-train-1036-2017-41270	-3.17	0.0	-2
2018-en-valence-train-1037-2017-40153	-2.238	0.0	-2
2018-en-valence-train-1038-2017-22058	-1.3099999999999998	0.0	-2
2018-en-valence-train-1039-2017-20128	-1.0780000000000003	0.0	-2
2018-en-valence-train-1040-2017-10655	-1.267	0.0	-2
2018-en-valence-train-1041-2017-30838	-7.457999999999999	0.0	-2
2018-en-valence-train-1042-2017-20759	-6.776	0.0	-2
2018-en-valence-train-1043-2017-10455	-3.5869999999999997	0.0	-2
2018-en-valence-train-1044-2017-41014	-1.423	0.0	-2
2018-en-valence-train-1045-2017-11184	-2.099	0.0	-2
2018-en-valence-train-1046-2017-31031	-0.4700000000000003	0.0	-2
2018-en-valence-train-1047-2017-10064	2.3930000000000007	2.0	-2
2018-en-valence-train-1048-2017-10741	-1.3009999999999997	0.0	-3
2018-en-valence-train-1049-2017-41331	-2.298	0.0	-3
2018-en-valence-train-1050-2017-21873	-0.1479999999999999	2.0	-3
2018-en-valence-train-1051-2017-20653	-3.808	0.0	-3
2018-en-valence-train-1052-2017-11178	-0.06400000000000006	0.0	-3
2018-en-valence-train-1053-2017-30798	-2.1149999999999998	0.0	-3
2018-en-valence-train-1054-2017-11300	0.5360000000000001	1.0	-3
2018-en-valence-train-1055-2017-22127	-5.874	0.0	-3
2018-en-valence-train-1056-2017-40209	2.073	1.0	-3
2018-en-valence-train-1057-2017-40445	-0.246	0.0	-3
2018-en-valence-train-1058-2017-40248	-4.976	0.0	-3
2018-en-valence-train-1059-2017-22215	-4.936	2.0	-3
2018-en-valence-train-1060-2017-11542	-2.145	0.0	-3
2018-en-valence-train-1061-2017-41491	-3.828	0.0	-3
2018-en-valence-train-1062-2017-40129	-1.8900000000000001	0.0	-3
2018-en-valence-train-1063-2017-41198	-4.542	0.0	-3
2018-en-valence-train-1064-2017-41019	-3.85	0.0	-3
2018-en-valence-train-1065-2017-40111	1.9779999999999998	1.0	-3
2018-en-valence-train-1066-2017-40141	-2.504	0.0	-3
2018-en-valence-train-1067-2017-30994	-0.7469999999999999	0.0	-3
2018-en-valence-train-1068-2017-20685	-8.469	1.0	-3
2018-en-valence-train-1069-2017-20042	0.9909999999999997	2.0	-3
2018-en-valence-train-1070-2017-20317	-0.20299999999999999	1.0	-3
2018-en-valence-train-1071-2017-10405	-3.2750000000000004	0.0	-3
2018-en-valence-train-1072-2017-41357	0.317	0.0	-3
2018-en-valence-train-1073-2017-20330	-2.455	0.0	-3
2018-en-valence-train-1074-2017-41074	-2.33	0.0	-3
2018-en-valence-train-1075-2017-41201	-4.9	0.0	-3
2018-en-valence-train-1076-2017-11107	-2.591	0.0	-3
2018-en-valence-train-1077-2017-30818	-1.322	0.0	-3
2018-en-valence-train-1078-2017-10238	-1.981	0.0	-3
2018-en-valence-train-1079-2017-20592	-6.502999999999999	0.0	-3
2018-en-valence-train-1080-2017-30806	-4.48	0.0	-3
2018-en-valence-train-1081-2017-31180	-0.635	0.0	-3
2018-en-valence-train-1082-2017-11527	-5.452	1.0	-3
2018-en-valence-train-1083-2017-40192	4.773	3.0	-3
2018-en-valence-train-1084-2017-21365	-2.6620000000000004	1.0	-3
2018-en-valence-train-1085-2017-41440	-2.2239999999999998	0.0	-3
2018-en-valence-train-1086-2017-10355	2.913	1.0	-3
2018-en-valence-train-1087-2017-41135	-1.6880000000000002	0.0	-3
2018-en-valence-train-1088-2017-11073	-3.223	1.0	-3
2018-en-valence-train-1089-2017-40882	-2.829	1.0	-3
2018-en-valence-train-1090-2017-11674	-2.818	0.0	-3
2018-en-valence-train-1091-2017-40204	-2.390999999999999	0.0	-3
2018-en-valence-train-1092-2017-21865	-8.363000000000001	1.0	-3
2018-en-valence-train-1093-2017-41311	-0.176	0.0	-3
2018-en-valence-train-1094-2017-40228	-0.5359999999999994	1.0	-3
2018-en-valence-train-1095-2017-22145	0.41700000000000004	0.0	-3
2018-en-valence-train-1096-2017-11000	-1.1280000000000001	0.0	-3
2018-en-valence-train-1097-2017-11344	-2.9250000000000003	0.0	-3
2018-en-valence-train-1098-2017-10884	-5.061	0.0	-3
2018-en-valence-train-1099-2017-20157	0.04200000000000001	0.0	-3
2018-en-valence-train-1100-2017-11550	-6.465	0.0	-3
2018-en-valence-train-1101-2017-40967	-10.240999999999998	0.0	-3
2018-en-valence-train-1102-2017-11026	-4.483	0.0	-3
2018-en-valence-train-1103-2017-41225	-3.2239999999999998	1.0	-3
2018-en-valence-train-1104-2017-10082	-4.316000000000001	1.0	-3
2018-en-valence-train-1105-2017-41524	-2.7199999999999998	0.0	-3
2018-en-valence-train-1106-2017-10964	-0.14300000000000007	0.0	-3
2018-en-valence-train-1107-2017-20412	-3.939	0.0	-3
2018-en-valence-train-1108-2017-21343	-2.315	0.0	-3
2018-en-valence-train-1109-2017-40039	-5.465	0.0	-3
2018-en-valence-train-1110-2017-41406	-3.329	0.0	-3
2018-en-valence-train-1111-2017-21313	-10.928	0.0	-3
2018-en-valence-train-1112-2017-31137	0.617	0.0	-3
2018-en-valence-train-1113-2017-20614	-7.063000000000001	2.0	-3
2018-en-valence-train-1114-2017-41514	-1.4249999999999996	0.0	-3
2018-en-valence-train-1115-2017-11132	2.136	1.0	-3
2018-en-valence-train-1116-2017-40788	-3.318	0.0	-3
2018-en-valence-train-1117-2017-21951	-7.247	1.0	-3
2018-en-valence-train-1118-2017-11022	-3.786	0.0	-3
2018-en-valence-train-1119-2017-40045	-1.016	0.0	-3
2018-en-valence-train-1120-2017-11241	-4.869000000000001	0.0	-3
2018-en-valence-train-1121-2017-40116	-7.507000000000001	0.0	-3
2018-en-valence-train-1122-2017-21858	-2.434	0.0	-3
2018-en-valence-train-1123-2017-10880	-1.24	0.0	-3
2018-en-valence-train-1124-2017-21699	0.064	1.0	-3
2018-en-valence-train-1125-2017-31265	-0.5330000000000001	0.0	-3
2018-en-valence-train-1126-2017-20892	-1.474	0.0	-3
2018-en-valence-train-1127-2017-11567	-4.074	0.0	-3
2018-en-valence-train-1128-2017-10109	-1.138	0.0	-3
2018-en-valence-train-1129-2017-21160	-6.819	0.0	-3
2018-en-valence-train-1130-2017-22095	-1.8800000000000001	0.0	-3
2018-en-valence-train-1131-2017-31450	-1.954	0.0	-3
2018-en-valence-train-1132-2017-40113	-1.529	2.0	-3
2018-en-valence-train-1133-2017-40171	-1.613	0.0	-3
2018-en-valence-train-1134-2017-20811	-3.3299999999999996	2.0	-3
2018-en-valence-train-1135-2017-41467	-4.7909999999999995	0.0	-3
2018-en-valence-train-1136-2017-40859	-13.780999999999999	1.0	-3
2018-en-valence-train-1137-2017-41412	-0.7240000000000006	2.0	-3
2018-en-valence-train-1138-2017-20210	-1.648	0.0	-3
2018-en-valence-train-1139-2017-11187	-5.0200000000000005	0.0	-3
2018-en-valence-train-1140-2017-30802	4.236999999999999	4.0	-3
2018-en-valence-train-1141-2017-21366	-6.272	1.0	-3
2018-en-valence-train-1142-2017-11264	0.11699999999999977	1.0	-3
2018-en-valence-train-1143-2017-40177	-4.154	0.0	-3
2018-en-valence-train-1144-2017-10213	-4.509	0.0	-3
2018-en-valence-train-1145-2017-10004	-9.081999999999999	0.0	-3
2018-en-valence-train-1146-2017-40162	-13.297	0.0	-3
2018-en-valence-train-1147-2017-41293	-7.329	0.0	-3
2018-en-valence-train-1148-2017-41427	0.09200000000000008	0.0	-3
2018-en-valence-train-1149-2017-10567	-6.201	0.0	-3
2018-en-valence-train-1150-2017-10498	-4.362	1.0	-3
2018-en-valence-train-1151-2017-22005	-0.6320000000000001	1.0	-3
2018-en-valence-train-1152-2017-41164	-2.1330000000000005	0.0	-3
2018-en-valence-train-1153-2017-41395	-3.694	0.0	-3
2018-en-valence-train-1154-2017-40066	-6.610000000000001	1.0	-3
2018-en-valence-train-1155-2017-10206	-5.972999999999999	0.0	-3
2018-en-valence-train-1156-2017-41401	-1.9459999999999997	0.0	-3
2018-en-valence-train-1157-2017-10449	-8.874	0.0	-3
2018-en-valence-train-1158-2017-10247	-1.5480000000000003	1.0	-3
2018-en-valence-train-1159-2017-11490	-4.487	0.0	-3
2018-en-valence-train-1160-2017-20548	-6.4879999999999995	0.0	-3
2018-en-valence-train-1161-2017-21062	-6.582	0.0	-3
2018-en-valence-train-1162-2017-40933	-10.351	0.0	-3
2018-en-valence-train-1163-2017-11392	-3.4530000000000007	0.0	-3
2018-en-valence-train-1164-2017-10952	0.665	0.0	-3
2018-en-valence-train-1165-2017-40123	-1.888	0.0	-3
2018-en-valence-train-1166-2017-41041	-3.8259999999999996	0.0	-3
2018-en-valence-train-1167-2017-40434	-4.3	0.0	-3
2018-en-valence-train-1168-2017-40127	-1.214	0.0	-3
2018-en-valence-train-1169-2017-20048	1.9820000000000002	0.0	-3
2018-en-valence-train-1170-2017-10269	-0.6410000000000001	0.0	-3
2018-en-valence-train-1171-2017-41124	-0.967	0.0	-3
2018-en-valence-train-1172-2017-40010	-2.091	0.0	-3
2018-en-valence-train-1173-2017-40319	-12.585	0.0	-3
2018-en-valence-train-1174-2017-22008	-3.584	0.0	-3
